(* 1998 CBS-POLS alcohol consumption rates for classes
abstinence moderate excessive dangerous per gender,
withion gender by 5-year ageclass rest age class 85+

class transition rates derived from class prevalence rates 
specified by gender,
within gender by class transition, 
within class transition by 5 year ageclass rest age class 85+ *)

#classes 4

prevalence_rates_males

div 100

14.1 14.1 14.1 14.1 15.6 17.4 19.  19.3 18.3 17.6 18.2 19.6 21.8 24.8 28.6 32.7 35.8 38.7 
29.  29.  29.  29.  33.6 39.2 45.3 50.2 53.1 55.4 58.2 61.4 64.6 66.6 67.  66.9 64.2 61.3 
20.  20.  20.  20.  19.4 18.6 17.9 17.5 17.3 16.5 14.5 11.   6.9  3.6  1.6  0.2  0    0 
36.9 36.9 36.9 36.9 31.4 24.8 17.8 13.  11.3 10.4  9.2  8.   6.8  5.1  2.8  0.2  0    0

prevalence_rates_females

div 100

60.8 60.8 60.8 60.8 60.4 59.9 58.3 53.3 46.2 41.1 40.1 42.1 46.6 53.5 62.2 71.5 80.8 88.6 
34.3 34.3 34.3 34.3 35.3 36.3 38.2 42.6 48.3 51.9 52.  49.9 46.2 40.7 33.8 26.4 19.  11.4 
 5.   5.   5.   5.   4.3  3.6  3.2  3.6  4.7  6.   7.   7.1  6.4  5.1  3.6  1.9  0.2  0 
 0    0    0    0    0.1  0.2  0.4  0.6  0.8  0.9  1.   0.9  0.8  0.6  0.4  0.1  0    0

#transitions 12

1 2
1 3
1 4

2 3
2 4

3 4

2 1
3 1
4 1

3 2
4 2

4 3

transition_rates_males

div 1

0 0 0 0. 0. 0. 0. 0. 0. 0. 0. 0. 0. 0. 0. 0. 0. 0. 
0 0 0 0. 0. 0. 0. 0. 0. 0. 0. 0. 0. 0. 0. 0. 0. 0. 
0 0 0 0. 0. 0. 0. 0. 0. 0. 0. 0. 0. 0. 0. 0. 0. 0. 

0 0 0 0. 0. 0. 0. 0. 0. 0. 0. 0. 0. 0. 0. 0. 0. 0. 
0 0 0 0. 0. 0. 0. 0. 0. 0. 0. 0. 0. 0. 0. 0. 0. 0. 

0 0 0 0. 0. 0. 0. 0. 0. 0. 0. 0. 0. 0. 0. 0. 0. 0. 

0 0 0 0.01262 0.0087 0.00454 0.00088 0. 0. 0.00194 0.00418 0.0058 0.00722 0.00872 0.00968 0.01098 0.01342 0.01468 
0 0 0 0. 0. 0. 0. 0. 0. 0. 0. 0. 0. 0. 0. 0. 0. 0. 
0 0 0 0. 0. 0. 0. 0. 0. 0. 0. 0. 0. 0. 0. 0. 0. 0. 

0 0 0 0.06478 0.0671 0.06432 0.0548 0.04296 0.03718 0.043 0.06092 0.08804 0.1204 0.15472 0.18938 0.22382 0.2579 0.29182 
0 0 0 0. 0. 0. 0. 0. 0. 0. 0. 0. 0. 0. 0. 0. 0. 0. 

0 0 0 0.03 0.03954 0.0476 0.0507 0.04748 0.04084 0.03456 0.03052 0.02922 0.03058 0.034 0.03814 0.04216 0.04592 0.04954

transition_rates_females

div 1

0 0 0 0.0014 0.00182 0.00374 0.01232 0.02514 0.02642 0.01098 0.0001 0. 0. 0. 0. 0. 0.00008 0. 
0 0 0 0. 0. 0. 0. 0. 0. 0. 0. 0. 0. 0. 0. 0. 0. 0. 
0 0 0 0. 0. 0. 0. 0. 0. 0. 0. 0. 0. 0. 0. 0. 0. 0. 

0 0 0 0. 0. 0. 0.00156 0.00484 0.00572 0.00422 0.00166 0. 0. 0. 0. 0. 0. 0.00006 
0 0 0 0. 0. 0. 0. 0. 0. 0. 0. 0. 0. 0. 0. 0. 0. 0. 

0 0 0 0.00834 0.01156 0.01292 0.01168 0.00844 0.00442 0.00114 0.00002 0. 0. 0. 0. 0. 0. 0. 

0 0 0 0. 0. 0. 0. 0. 0. 0. 0.0038 0.01376 0.02566 0.03956 0.05354 0.06874 0.0909 0.12266 
0 0 0 0. 0. 0. 0. 0. 0. 0. 0. 0. 0. 0. 0. 0. 0. 0. 
0 0 0 0. 0. 0. 0. 0. 0. 0. 0. 0. 0. 0. 0. 0. 0. 0. 

0 0 0 0.02036 0.0114 0.00334 0. 0. 0. 0. 0.00002 0.00736 0.02824 0.05616 0.08678 0.11668 0.14368 0.16822 
0 0 0 0. 0. 0. 0. 0. 0. 0. 0. 0. 0. 0. 0. 0. 0. 0. 

0 0 0 0. 0. 0. 0. 0. 0. 0. 0.00056 0.00228 0.00492 0.008 0.0112 0.01434 0.01746 0.02058

