(* cancer incidence rates specified by gender and 5-year age classes, rest class 85+,
source: NKR, 2000 *)

div 100000.

lung

0 0 0 .2 .2 .2 .9 5.0 14.2 26.9 64.4 128.7 227.9 389.5 532.9 596.0 556.4 376.3
0 0 0 .2 .2 .4 1.7 4.9 14.7 35.1 49.5 64.1 89.0 115.8 124.8 95.0 63.1 30.9

rectum

0 0 0 0 0 .2 .7 1.8 5.0 8.5 22.0 31.8 52.8 74.6 93.8 100.7 113.6 109.0
0 0 0 .2 0 .5 .6 1.7 2.1 7.8 12.2 16.8 26.2 38.4 43.0 47.5 67.9 60.6

colon

0 0 1.0 1.1 1.0 1.2 1.9 2.8 7.6 13.5 27.4 56.2 93.0 141.6 217.3 286.7 342.8 274.1
0 0 .6 .4 .4 1.6 1.6 4.9 7.3 15.8 29.2 49.6 76.8 108.7 163.3 219.5 231.8 210.9

stomach

0 0 0 0 .2.2 .9 2.2 4.5 6.6 15.5 22.1 42.7 66.1 99.9 122.9 164.6 151.5
0 0 0 0 .4 .4 .6 1.1 3.1 3.6 4.9 12.4 18.7 26.0 31.0 48.6 59.8 76.7

oesophagus

0 0 0 0 0 .2 0 .7 1.8 9.7 15.4 20.9 29.7 36.6 50.1 60.9 71.9 64.7
0 0 0 0 .2 0 .2 0 .5 2.8 3.0 5.4 9.7 10.9 16.8 22.1 25.3 26.1

breast

0 0 0 0 0 0 0 0 .6 1.0 1.4 1.4 1.7 1.3 3.7 3.9 10.4 6.8
0 0 0 .9 1.5 8.5 25.9 64.0 128.3 220.6 278.0 287.4 298.7 325.1 420.5 369.3 361.7 335.1

prostate

0 0 0 0 0 0 0 0 1.1 5.9 33.1 103.2 263.1 423.2 628.7 728.3 758.6 621.4
0 0 0 0 0 0 0 0 0 0 0 0 0 0 0 0 0 0

larynx

0 0 0 .2 0 .3 .4 .4 1.8 5.4 10.6 15.0 22.6 36.6 33.4 36.0 30.2 28.9
0 0 0 0 0 0 .2 0 .5 .9 2.6 4.4 3.5 4.4 5.8 1.5 1.6 3.6

uriny_bladder

0 0 0 0 0 0 .9 .4 2.9 6.9 16.1 28.9 65.2 100.1 135.0 193.7 180.3 209.4
0 0 0 0 0 .2 .9 .8 1.7 2.7 3.0 7.7 12.4 18.6 30.7 36.3 37.2 43.4

kidney

2.4 .4 0 0 .2 .3 .7 1.5 4.4 7.8 13.9 23.2 33.0 43.2 48.9 67.0 62.5 35.8
1.2 1.2 0 0 0 .2 .6 1.1 1.7 3.4 8.0 14.5 16.5 28.4 31.0 34.8 27.0 19.6

pancreas

0 0 0 0 0 0 0 1.3 4.2 5.2 9.6 20.9 27.5 37.9 49.7 69.2 64.6 54.5
0 0 0 0 .2 0 .3 .8 1.0 4.8 6.3 14.3 20.8 26.9 36.5 49.7 62.5 43.4

oral_cavity

.2 .2 0 .6 .6 .6 1.4 1.9 5.0 15.7 23.5 43.0 41.5 48.5 48.1 42.7 56.2 39.1
.2 .2 0 0 .4 .9 .9 2.5 2.9 8.4 11.9 16.3 14.7 23.5 18.7 19.0 22.0 24.0

endometrium

0 0 0 0 0 0 0 0 0 0 0 0 0 0 0 0 0 0
0 0 0 0 0 .2 .6 1.2 3.3 10.3 23.3 49.4 56.8 68.9 62.7 63.1 66.8 51.7

cervix

0 0 0 0 0 0 0 0 0 0 0 0 0 0 0 0 0 0
0 0 0 0 .6 2.1 14.4 15.3 11.9 11.4 10.7 10.3 10.6 10.9 15.2 18.1 14.6 17.2

ovary

0 0 0 0 0 0 0 0 0 0 0 0 0 0 0 0 0 0
0 .4 .4 1.1 1.9 1.6 1.7 4.5 5.1 15.5 21.3 29.0 32.7 40.5 48.8 44.3 49.1 37.4

total

18.5 13.9 14.3 21.9 31.8 45.9 55.8 72.2 120.6 199.4 378.1 700.9 1189.1 1829.8 2523.7 3100.3 3336.4 3011.8
18.0 9.0 9.5 15.2 25.7 48.2 83.2 149.5 241.9 426.2 576.7 726.2 884.9 1118.5 1405.3 1505.7 1575.3 1525.4

