(* cancer prevalence rates specified by gender and 5-year age classes rest class 85+ 
source: IKZ 2001 (1998)*)

div 100000.

lung(2001)

0. 0. 0. 0. 0. 0. 0. 7. 18. 51. 98. 292. 407. 827. 1350. 1495. 1624. 1073. 
0. 0. 0. 0. 0. 0. 3. 2. 24. 46. 110. 114. 150. 163. 165. 206. 121. 64. 

rectum(2001)

0. 0. 0. 0. 0. 3. 0. 2. 20. 65. 145. 271. 370. 645. 992. 1124. 1229. 1801. 
0. 0. 0. 0. 0. 0. 3. 7. 13. 41. 75. 173. 251. 441. 579. 637. 658. 836. 

colon(2001)

0. 0. 0. 0. 0. 0. 5. 16. 27. 57. 120. 292. 399. 850. 1282. 2023. 2414. 3641. 
0. 0. 0. 0. 0. 0. 0. 5. 21. 64. 119. 306. 429. 671. 887. 1499. 1996. 2508. 

stomach(2001)

0. 0. 0. 0. 0. 3. 2. 5. 5. 14. 30. 80. 136. 186. 351. 459. 527. 652. 
0. 0. 0. 0. 0. 0. 5. 5. 8. 9. 20. 41. 53. 97. 117. 298. 241. 412. 

oesophagus(2001)

0. 0. 0. 0. 0. 0. 0. 0. 8. 11. 11. 17. 29. 24. 61. 78. 132. 38. 
0. 0. 0. 0. 0. 0. 0. 0. 0. 9. 12. 22. 16. 13. 21. 13. 11. 0. 

breast(1997,2001)

0 0 0 0 0 0 0.8 0.8 0.8 8.1 8.1 8.1 22.5 22.5 22.5 25.4 25.4 25.4
0. 0. 0. 0. 4. 15. 54. 270. 598. 1258. 2072. 3028. 3263. 3967. 4503. 4768. 4989. 4823. 

prostate(2001)

0. 0. 0. 0. 0. 0. 0. 0. 3. 11. 57. 271. 868. 1849. 3125. 4818. 6563. 7244. 
0 0 0 0 0 0 0 0 0 0 0 0 0 0 0 0 0 0

larynx(1997)

0 0 0 0 0 0 8.1 8.1 8.1 45.4 45.4 45.4 355. 355. 355. 622. 622. 622. 
0 0 0 0 0 0 1.7 1.7 1.7 8.6 8.6 8.6 52.8 52.8 52.8 33.3 33.3 33.3 

uriny_bladder(1997)

0 0 0 0 0 0 7.3 7.3 7.3 93.8 93.8 93.8 591. 591. 591. 1611. 1611. 1611. 
0 0 0 1.1 1.1 1.1 7.8 7.8 7.8 30. 30. 30. 133.6 133.6 133.6 256.1 256.1 256.1 

kidney(1997)

7.6 7.6 7.6 9.9 9.9 9.9 10.5 10.5 10.5 77.6 77.6 77.6 239.3 239.3 239.3 336.2 336.2 336.2 
4.5 4.5 4.5 2.1 2.1 2.1 7.8 7.8 7.8 38.6 38.6 38.6 128.9 128.9 128.9 229.5 229.5 229.5 

pancreas(1997)

0 0 0 0 0 0 0 0 0 11.1 11.2 11.2 24.3 24.3 24.3 82.5 82.5 82.5 
0 0 0 0 0 0 0 0 0 7.5 7.5 7.5 15.5 15.5 15.5 39.9 39.9 39.9 

oral_cavity(1997)

0 0 0 1. 1. 1. 5.7 5.7 5.7 38.3 38.3 38.3 85. 85. 85. 133.2 133.2 133.2 
0 0 0 1.1 1.1 1.1 5.2 5.2 5.2 39.7 39.7 39.7 63.7 63.7 63.7 56.5 56.5 56.5 

endometrium(1997)

0 0 0 0 0 0 0 0 0 0 0 0 0 0 0 0 0 0
0 0 0 0 0 0 4.3 4.3 4.3 187.6 187.6 187.6 713. 713. 713. 1048. 1048. 1048. 

cervix(1997)

0 0 0 0 0 0 0 0 0 0 0 0 0 0 0 0 0 0
0 0 0 3.2 3.2 3.2 104.2 104.2 104.2 170.5 170.5 170.5 180.2 180.2 180.2 246.1 246.1 246.1 

ovary(1997)

0 0 0 0 0 0 0 0 0 0 0 0 0 0 0 0 0 0
0 0 0 16.1 16.1 16.1 47.7 47.7 47.7 138.3 138.3 138.3 298.2 298.2 298.2 252.8 252.8 252.8 
