(* cancer mortality rates specified by gender and 5-year age classes, rest class 85+,
source: CBS 2000*)

div 100000.

lung

0 0 0 0 0 0 1.0 2.7 8.9 21.7 47.2 108.7 172.5 356.5 492.9 677.9 800.2 699.8
0 0 0 0 0 .2 .5 3.1 11.1 27.6 34.1 54.0 78.5 103.1 113.8 108.1 91.6 77.2

rectum

0 0 0 0 0 0 .1 .3 1.0 3.3 4.4 9.8 16.2 22.6 27.3 46.5 75.0 80.0
0 0 0 0 0 0 .3 .3 .5 1.4 2.3 5.4 7.0 11.2 16.2 23.6 30.2 61.8

colon

0 0 0 0 0 .5 .4 .6 1.1 5.9 13.7 25.5 47.6 76.2 106.8 163.8 237.6 337.1
0 0 0 0 .2 .2 .8 .5 2.8 7.1 12.2 19.4 32.5 41.4 68.6 110.3 172.5 260.9

stomach

0 0 0 0 .2 0 .3 .7 2.4 5.9 8.8 13.0 26.4 51.3 68.5 98.0 151.1 207.7
0 0 0 0 .2 .2 .2 1.1 3.0 1.8 4.7 7.3 12.7 17.7 28.8 39.2 60.4 104.6

oesophagus

0 0 0 0 0 .3 .1 .9 1.9 5.2 12.7 22.5 29.7 45.5 56.7 68.6 85.4 91.9
0 0 0 0 .4 0 0 0 .7 2.0 3.3 5.8 6.5 11.2 14.6 21.0 30.2 42.8

breast

0 0 0 0 0 0 0 0 .2 0 .2 .9 .6 1.3 2.0 1.7 3.1 6.8
0 0 0 0 .6 .7 4.0 12.5 23.0 36.3 52.5 75.8 79.8 99.6 120.6 160.0 204.3 308.4

prostate

0 0 0 0 0 0 0 0 .2 .3 2.5 11.4 31.6 70.0 159.4 271.2 529.3 989.2
0 0 0 0 0 0 0 0 0 0 0 0 0 0 0 0 0 0

larynx

0 0 0 0 0 0 0 0 .3 1.7 3.0 4.1 8.0 8.2 9.8 23.8 15.6 30.6
0 0 0 0 0 0 0 0 0 .7 .7 .9 2.2 1.5 3.2 1.8 2.2 3.6

uriny_bladder

0 0 0 0 0 0 0 .4 .5 2.6 4.7 9.1 14.0 24.2 51.4 95.7 145.9 246.9
0 0 0 0 0 0 .2 .2 .3 1.6 .9 2.6 5.1 7.1 11.6 20.0 36.1 49.9

kidney

.2 .2 0 0 0 0 0 .3 1.6 3.1 7.9 11.4 16.0 24.5 33.0 41.0 63.6 64.7
.2 0 0 0 0 0 0 0 .5 2.0 2.8 5.8 7.3 17.7 16.5 21.8 24.3 33.3

pancreas

0 0 0 0 0 0 0 .6 2.9 3.5 7.6 17.7 26.7 49.1 53.4 86.3 92.7 98.7
0 0 0 0 .2 0 .5 .8 1.3 2.3 6.5 9.8 19.2 27.8 47.9 71.1 80.9 90.9

oral_cavity

0 0 0 0 .2 .4 0 .1 .8 2.8 3.4 4.6 6.9 5.9 8.1 8.9 12.5 15.3
0 0 0 0 0 0 0 .2 .7 .6 .8 1.8 3.0 5.4 4.2 5.4 7.1 11.9

endometrium

0 0 0 0 0 0 0 0 0 0 0 0 0 0 0 0 0 0
0 0 0 0 0 0 .2 0 .3 2.0 2.3 3.5 6.2 11.2 15.5 20.3 16.7 46.3

cervix

0 0 0 0 0 0 0 0 0 0 0 0 0 0 0 0 0 0
0 0 0 0 0 .7 1.4 1.7 3.5 5.0 4.0 3.5 3.2 8.3 8.1 10.2 14.0 16.6

ovary

0 0 0 0 0 0 0 0 0 0 0 0 0 0 0 0 0 0
0 .2 .2 .2 0 .4 .8 1.5 2.5 5.7 10.8 16.8 27.9 32.2 40.1 5.4 74.9 56.5

total

3.9 3.3 2.4 4.8 7.2 9.3 11.8 19.6 44.8 90.1 173.4 333.2 547.6 976.2 1409 2073 2809 3718
3.3 2.7 3.6 3.8 5.7 6.7 15.2 30.2 65.5 121.8 174.9 274.1 386.6 528.7 708.6 944.2 1255 1791


