(* relative 5-year survival rates specified by 5-year age classes
year ca. 2000
source: IKA IKZ *)

div 100.

lung 

19.8523 19.8523 19.8523 19.8523 19.8523 19.8523
19.8523 19.8523 19.8523 17.8523 17.8523 15.
15. 12.7045 12.7045 7.85226 7.85226 7.85226

19.8523 19.8523 19.8523 19.8523 19.8523 19.8523
19.8523 19.8523 19.8523 17.8523 17.8523 15.
15. 12.7045 12.7045 7.85226 7.85226 7.85226

rectum

58.1043 58.1043 58.1043 58.1043 58.1043 58.1043
58.1043 58.1043 58.1043 51.3839 51.3839 52.5452
52.5452 51.8247 51.8247 46.3129 46.3129 46.3129

58.1043 58.1043 58.1043 58.1043 58.1043 58.1043
58.1043 58.1043 58.1043 51.3839 51.3839 52.5452
52.5452 51.8247 51.8247 46.3129 46.3129 46.3129

colon

63.0473 63.0473 63.0473 63.0473 63.0473 63.0473
63.0473 63.0473 63.0473 55.6509 55.6509 57.
57. 55.1745 55.1745 51.2218 51.2218 51.2218

63.0473 63.0473 63.0473 63.0473 63.0473 63.0473
63.0473 63.0473 63.0473 55.6509 55.6509 57.
57. 55.1745 55.1745 51.2218 51.2218 51.2218

stomach

21.7534 21.7534 21.7534 21.7534 21.7534 21.7534
21.7534 21.7534 21.7534 23.4416 23.4416 22.7792
22.7792 19.2208 19.2208 15.5584 15.5584 15.5584

21.7534 21.7534 21.7534 21.7534 21.7534 21.7534
21.7534 21.7534 21.7534 23.4416 23.4416 22.7792
22.7792 19.2208 19.2208 15.5584 15.5584 15.5584

oesophagus

28.7144 28.7144 28.7144 28.7144 28.7144 28.7144
28.7144 28.7144 28.7144 13.8014 13.8014 12.669
12.669 11.3972 11.3972 4.66898 4.66898 4.66898

28.7144 28.7144 28.7144 28.7144 28.7144 28.7144
28.7144 28.7144 28.7144 13.8014 13.8014 12.669
12.669 11.3972 11.3972 4.66898 4.66898 4.66898

breast

78.6255 78.6255 78.6255 78.6255 78.6255 78.6255
78.6255 78.6255 78.6255 81.7504 81.7504 78.8766
78.8766 78.2511 78.2511 73. 73. 73.

78.6255 78.6255 78.6255 78.6255 78.6255 78.6255
78.6255 78.6255 78.6255 81.7504 81.7504 78.8766
78.8766 78.2511 78.2511 73. 73. 73.

prostate

67.3146 67.3146 67.3146 67.3146 67.3146 67.3146
67.3146 67.3146 67.3146 72.5807 72.5807 69.6937
69.6937 65.1372 65.1372 59.5807 59.5807 59.5807

67.3146 67.3146 67.3146 67.3146 67.3146 67.3146
67.3146 67.3146 67.3146 72.5807 72.5807 69.6937
69.6937 65.1372 65.1372 59.5807 59.5807 59.5807

larynx

73.8187 73.8187 73.8187 73.8187 73.8187 73.8187
73.8187 73.8187 73.8187 75.2486 75.2486 77.
77. 70.1477 70.1477 61.6916 61.6916 61.6916

73.8187 73.8187 73.8187 73.8187 73.8187 73.8187
73.8187 73.8187 73.8187 75.2486 75.2486 77.
77. 70.1477 70.1477 61.6916 61.6916 61.6916

uriny_bladder

76.2146 76.2146 76.2146 76.2146 76.2146 76.2146
76.2146 76.2146 76.2146 72.1181 72.1181 61.9784
61.9784 58.8602 58.8602 43.8386 43.8386 43.8386

76.2146 76.2146 76.2146 76.2146 76.2146 76.2146
76.2146 76.2146 76.2146 72.1181 72.1181 61.9784
61.9784 58.8602 58.8602 43.8386 43.8386 43.8386

kidney

73.8231 73.8231 73.8231 63.5884 63.5884 63.5884
63.5884 63.5884 63.5884 66.4116 66.4116 52.7356
52.7356 52.2644 52.2644 39.5289 39.5289 39.5289

73.8231 73.8231 73.8231 63.5884 63.5884 63.5884
63.5884 63.5884 63.5884 66.4116 66.4116 52.7356
52.7356 52.2644 52.2644 39.5289 39.5289 39.5289

pancreas

6.45475 6.45475 6.45475 6.45475 6.45475 6.45475
6.45475 6.45475 6.45475 4.67285 4.67285 2.89095
2.89095 2. 2. 2. 2. 2.

6.45475 6.45475 6.45475 6.45475 6.45475 6.45475
6.45475 6.45475 6.45475 4.67285 4.67285 2.89095
2.89095 2. 2. 2. 2. 2.

oral_cavity

79.11 79.11 79.11 79.11 79.11 79.11
79.11 79.11 79.11 61.2593 61.2593 58.3423
58.3423 54.5892 54.5892 49.6577 49.6577 49.6577

79.11 79.11 79.11 79.11 79.11 79.11
79.11 79.11 79.11 61.2593 61.2593 58.3423
58.3423 54.5892 54.5892 49.6577 49.6577 49.6577

endometrium

92.1653 92.1653 92.1653 92.1653 92.1653 92.1653
92.1653 92.1653 92.1653 87.2948 87.2948 85.8705
85.8705 77.5179 77.5179 68.7769 68.7769 68.7769

92.1653 92.1653 92.1653 92.1653 92.1653 92.1653
92.1653 92.1653 92.1653 87.2948 87.2948 85.8705
85.8705 77.5179 77.5179 68.7769 68.7769 68.7769

cervix

84.6909 84.6909 84.6909 84.6909 84.6909 84.6909
84.6909 84.6909 84.6909 71.7331 71.7331 64.0304
64.0304 50.2365 50.2365 43.5152 43.5152 43.5152

84.6909 84.6909 84.6909 84.6909 84.6909 84.6909
84.6909 84.6909 84.6909 71.7331 71.7331 64.0304
64.0304 50.2365 50.2365 43.5152 43.5152 43.5152

ovary

71.2389 71.2389 71.2389 71.2389 71.2389 71.2389
71.2389 71.2389 71.2389 49.6863 49.6863 37.328
37.328 28.5223 28.5223 15.2834 15.2834 15.2834

71.2389 71.2389 71.2389 71.2389 71.2389 71.2389
71.2389 71.2389 71.2389 49.6863 49.6863 37.328
37.328 28.5223 28.5223 15.2834 15.2834 15.2834
