(* 1996+1997 MORGEN + 1994 ERGO cholesterol prevalence rates
specified by gender,
within gender by class <5 5-6.5 6.5-8 >=8 mmol/l
within class by 5 year ageclass rest class 85+

1994 class transition rates derived from 1994 class prevalence rates
specified by gender,
within gender by class transition,
within class transition specified by 5 year ageclass rest class 85+ *)

#classes

4

class_prevalence_rates_males

div 100

83.9 83.9 83.9 83.9 83.9 70.5 60.2 50.3 39.7 30.9 29.7 30.1 27.2 32.9 40.  49.7 62.6 74.9
15   15   15   15   15.  27.9 34.3 42.5 47.1 53.7 56.3 52.8 52.7 49.7 45.5 39.  30.4 21.8
 1.1  1.1  1.1  1.1  1.1  1.3  5.3  6.5 12.1 12.9 12.8 16.1 17.7 15.3 12.7  9.8  6.2  2.9 
 0    0    0    0    0.   0.2  0.3  0.6  1.1  2.5  1.2  1.   2.4  2.1  1.8  1.4  0.8  0.3

class_prevalence_rates_females

div 100

75   75   75   75   75.  69.1 66.5 63.8 53.4 43.2 25.9 20.7 14.5 17.1 22.1 30.6 42.9 57.6 
22.7 22.7 22.7 22.7 22.7 29.6 31.  32.9 41.6 48.5 52.3 54.9 49.9 46.4 43.6 41.  35.5 28.5
 2.3  2.3  2.3  2.3  2.3  1.3  2.6  3.2  4.7  7.5 17.3 22.2 28.8 27.9 25.2 20.8 15.7 10.2
 0    0    0    0    0. 0. 0. 0.2 0.3 0.8 0.5 2.2 6.8     8.6 9.1 7.6 6. 3.6

#transitions 12

1 2
1 3
1 4

2 3
2 4

3 4

2 1
3 1 
4 1

3 2
4 2

4 3

class_transition_rates_males

div 1

.041 .041 .041 .041 0.041 0.041 0.046 0.047 0.042 0.031 0.013 0.001 0.    0.    0. 0. 0. 0.
0 0 0 0 0 0 0 0 0 0 0 0 0 0 0 0 0 0
0 0 0 0 0 0 0 0 0 0 0 0 0 0 0 0 0 0

.02  .02  .02  .02  0.02  0.021 0.02  0.018 0.014 0.01  0.005 0.001 0.    0.    0. 0. 0. 0.
0 0 0 0 0 0 0 0 0 0 0 0 0 0 0 0 0 0

.01  .01  .01  .01  0.01  0.008 0.006 0.005 0.004 0.004 0.006 0.007 0.005 0.002 0. 0. 0. 0.

0 0 0 0 0. 0. 0. 0. 0. 0. 0. 0. 0.009 0.023 0.038 0.059 0.081 0.098
0 0 0 0 0 0 0 0 0 0 0 0 0 0 0 0 0 0
0 0 0 0 0 0 0 0 0 0 0 0 0 0 0 0 0 0

0 0 0 0 0. 0. 0. 0. 0. 0. 0. 0. 0.006 0.023 0.047 0.076 0.109 0.145
0 0 0 0 0 0 0 0 0 0 0 0 0 0 0 0 0 0

0 0 0 0 0. 0. 0. 0. 0. 0. 0. 0. 0.    0.    0.    0.026 0.053 0.083

class_transition_rates_females

div 1

.008 .008 .008 .008 0.008 0.01  0.017 0.031 0.051 0.065 0.061 0.036 0.009 0.    0. 0. 0. 0. 
0 0 0 0 0 0 0 0 0 0 0 0 0 0 0 0 0 0
0 0 0 0 0 0 0 0 0 0 0 0 0 0 0 0 0 0

0    0     0    0   0.    0.002 0.007 0.014 0.023 0.03  0.029 0.019 0.006 0.    0. 0. 0. 0. 
0 0 0 0 0 0 0 0 0 0 0 0 0 0 0 0 0 0

.006 .006 .006 .006 0.006 0.009 0.012 0.014 0.014 0.014 0.013 0.013 0.01  0.004 0. 0. 0. 0.

0 0 0 0 0. 0. 0. 0. 0. 0. 0. 0. 0. 0.01  0.029 0.052 0.079 0.108
0 0 0 0 0 0 0 0 0 0 0 0 0 0 0 0 0 0
0 0 0 0 0 0 0 0 0 0 0 0 0 0 0 0 0 0

0 0 0 0 0. 0. 0. 0. 0. 0. 0. 0. 0. 0.006 0.028 0.059 0.096 0.138
0 0 0 0 0 0 0 0 0 0 0 0 0 0 0 0 0 0

0 0 0 0 0. 0. 0. 0. 0. 0. 0. 0. 0. 0.    0.006 0.026 0.053 0.083

