(*
Demografic input data, update August 2005.
Account and explanation of this data are given in document demdata090805.doc
- CBS 2005 initial population numbers specified by gender and within gender by age-year, rest class 85+
- CBS 2004 mortality rates per 1000 specified by gender and within gender by 0 year, 1 year, 2-4 years and 5-year ageclasses, rest class 85+
- 2004 sexratio
- #newborns 2005 up to and including 2049 according to 2004 CBS prognosis
- net #migrants specified by year (row), within year by gender and within gender by age, rest class 85+ according to 2004 CBS prognosis
*)


initial_population_numbers_CBS_2005_males

 99076 103198 103889 104573 106100 104081 103150  99504  99667  99311
102155 101848 103271 104460 105096 100578  99899 100889 100304  98610
 97880  95324  96560  99097 101198  98253  99375  98523 100591 101260
106444 110716 120204 127457 133912 137629 131735 131105 132103 134865
137003 134946 132100 130852 127854 126499 123224 120723 119232 115877
114892 113245 113730 109995 110594 112206 115714 121125 125128  89300
 92773  87717  80374  75836  76686  72324  69850  64178  62628  59681
 57155  54341  53498  50181  48520  44004  41478  37522  35141  31766
 29033  27091  23614  20800  18557  63102

initial_population_numbers_CBS_2005_females

 94687  98124  98945 100083 101951  98997  98398  95779  94096  94933
 97641  97489  98326  99889  99857  96586  95346  95719  96529  94923
 93859  92700  94338  98385 100011  97776  98827  98176  99135 101011
105926 110411 120158 125282 130889 133733 128378 127009 127653 129895
132521 130579 129023 128098 124789 124355 121082 118965 116814 114908
112820 111228 111373 107481 108143 109450 112581 118955 121888  87731
 91489  86366  79497  75632  77723  74829  72640  68301  67448  65627
 64646  62938  63638  61644  61431  57862  56739  53204  51962  49921
 48758  46877  43004  40249  37594 174894

all_cause_mortality_rates_CBS_2004_males&females

div 1000

4.4 0.8 0.3 0.1 0.1 0.4 0.5 0.6 0.6 0.9 1.5 2.4 4.2 6.7 11 18.5 33 54.7 94.5 189.8
3.4 0.6 0.2 0.1 0.1 0.2 0.2 0.3 0.4 0.6 1.1 2.1 3.2 4.4 6.7 10.2 17.8 31.1 59.7 151.8

sexratio_2004

1.047

#newborns_projected_from_2005_CBS

#year 46

2005 190547 2006 187193 2007 184399 2008 182100 2009 180326
2010 178989 2011 177913 2012 177389 2013 177408 2014 177730
2015 178361 2016 179201 2017 180217 2018 181376 2019 182611
2020 183691 2021 184759 2022 185702 2023 186507 2024 187227
2025 187805 2026 188255 2027 188615 2028 188814 2029 188961
2030 188891 2031 188715 2032 188352 2033 187793 2034 187100
2035 186307 2036 185391 2037 184505 2038 183613 2039 182832
2040 182160 2041 181620 2042 181290 2043 181139 2044 181151
2045 181385 2046 181712 2047 182217 2048 182805 2049 183486
2050 184178

#migrants_projected_from_2005_CBS

#year 45

2005 534 19 -135 -198 -215 -245 -218 -199 -156 -120 -65 -45 -11 -11 7 6 40 101 155 176 125 87 121 74 97 -16 -75 -247 -241 -372 -372 -489 -517 -640 -655 -792 -774 -759 -670 -672 -700 -651 -607 -563 -484 -488 -396 -370 -316 -310 -276 -261 -267 -254 -230 -245 -244 -255 -269 -268 -212 -189 -172 -149 -133 -153 -125 -116 -91 -85 -66 -52 -48 -34 -24 -24 -9 -5 -1 -1 -1 -1 1 3 2 21 378 115 -6 -128 -190 -204 -182 -162 -136 -106 -67 -48 -29 -13 -7 3 52 130 368 586 617 635 661 612 506 382 283 179 106 71 37 8 7 -53 -59 -120 -124 -125 -124 -116 -153 -164 -150 -150 -144 -169 -156 -154 -144 -138 -139 -133 -132 -139 -128 -141 -139 -153 -159 -154 -116 -116 -97 -91 -79 -88 -78 -71 -60 -58 -52 -44 -38 -36 -25 -21 -14 -11 -7 -4 -4 -4 -3 0 2 29
2006 555 54 -86 -169 -197 -198 -192 -162 -138 -92 -48 -18 15 20 25 39 55 123 190 244 217 166 146 124 116 54 -80 -137 -198 -274 -295 -371 -414 -466 -550 -601 -707 -718 -640 -609 -625 -614 -608 -553 -497 -446 -425 -373 -329 -296 -292 -259 -278 -242 -241 -218 -241 -236 -250 -253 -283 -187 -184 -158 -142 -131 -141 -123 -103 -91 -76 -56 -51 -37 -28 -22 -13 -6 -3 1 -1 -1 1 3 2 21 399 148 39 -94 -169 -175 -173 -140 -118 -87 -53 -18 -3 9 17 25 71 151 407 642 684 699 684 680 593 436 307 228 147 103 100 84 50 36 -31 -48 -113 -125 -126 -122 -112 -144 -158 -148 -152 -149 -171 -153 -148 -140 -138 -138 -136 -136 -141 -129 -143 -145 -154 -158 -151 -117 -114 -94 -88 -78 -82 -75 -66 -59 -53 -47 -40 -35 -29 -18 -15 -9 -7 -3 -2 -3 -3 -1 1 27
2007 582 96 -46 -113 -163 -178 -146 -136 -102 -74 -22 0 40 47 62 62 90 142 225 300 307 273 237 164 184 95 4 -130 -95 -223 -199 -283 -295 -361 -388 -495 -534 -647 -605 -574 -557 -541 -566 -549 -485 -453 -384 -399 -329 -303 -275 -272 -273 -246 -232 -228 -211 -232 -230 -234 -267 -249 -182 -169 -149 -139 -121 -134 -107 -103 -82 -63 -57 -39 -31 -28 -12 -8 -3 -1 0 -1 1 3 3 21 426 188 80 -46 -133 -154 -145 -134 -95 -64 -34 -1 25 31 41 49 99 182 443 698 754 779 767 723 673 532 372 265 207 152 142 154 131 90 61 -15 -46 -108 -115 -116 -112 -103 -134 -150 -145 -153 -147 -164 -146 -142 -140 -136 -137 -138 -135 -143 -131 -147 -144 -150 -154 -148 -114 -109 -88 -84 -72 -79 -69 -63 -52 -47 -41 -36 -27 -21 -13 -10 -7 -5 -2 -3 -2 0 2 26
2008 618 142 -5 -73 -113 -141 -126 -95 -77 -40 -4 24 56 73 86 96 116 179 252 345 376 368 349 271 233 171 48 -49 -75 -116 -145 -190 -211 -247 -284 -340 -428 -484 -535 -542 -524 -482 -498 -507 -478 -439 -385 -356 -349 -306 -280 -255 -285 -240 -232 -216 -222 -205 -228 -214 -255 -233 -241 -163 -160 -146 -128 -117 -120 -109 -91 -69 -63 -43 -33 -29 -15 -7 -5 -1 0 1 1 3 3 21 454 232 124 -4 -87 -116 -124 -106 -85 -45 -13 17 41 59 63 73 129 222 484 747 816 859 852 806 722 615 469 332 243 211 194 200 201 165 114 73 -10 -43 -100 -105 -101 -97 -95 -127 -147 -145 -150 -140 -155 -139 -137 -134 -137 -136 -139 -137 -145 -134 -147 -143 -148 -152 -143 -110 -106 -86 -79 -69 -73 -66 -57 -47 -40 -37 -27 -19 -15 -9 -7 -3 -3 -2 -1 0 2 27
2009 650 188 35 -41 -80 -98 -96 -76 -44 -21 21 41 77 89 110 122 149 206 296 378 430 442 446 390 332 213 120 -10 -3 -104 -58 -141 -126 -170 -182 -249 -291 -391 -401 -479 -496 -451 -438 -444 -438 -430 -372 -361 -308 -323 -280 -260 -270 -251 -226 -216 -212 -213 -202 -212 -236 -219 -226 -218 -156 -156 -137 -124 -104 -119 -96 -79 -68 -49 -36 -32 -17 -9 -4 -3 -1 -1 1 2 2 22 485 276 165 33 -52 -77 -93 -88 -63 -38 6 34 57 75 90 94 158 258 532 791 865 923 931 890 802 665 545 415 305 243 248 249 245 233 185 122 71 -10 -39 -92 -93 -90 -89 -88 -124 -146 -146 -143 -134 -146 -135 -135 -132 -135 -139 -142 -138 -147 -134 -146 -143 -147 -148 -137 -103 -100 -80 -75 -63 -67 -60 -51 -40 -34 -29 -19 -14 -10 -6 -3 -1 -1 0 0 3 28
2010 680 227 68 -12 -53 -71 -61 -52 -32 8 35 61 89 107 124 144 173 238 329 424 459 492 515 482 430 298 145 46 34 -46 -46 -66 -90 -100 -122 -160 -213 -267 -318 -362 -441 -433 -419 -394 -385 -397 -363 -348 -314 -288 -299 -260 -276 -236 -238 -213 -216 -204 -213 -190 -238 -203 -215 -206 -207 -156 -148 -133 -111 -104 -108 -84 -79 -54 -41 -37 -18 -12 -6 -3 -3 -1 0 2 2 22 514 314 202 64 -24 -48 -60 -63 -50 -19 8 49 71 90 101 116 177 290 573 834 902 966 992 966 874 729 579 480 374 292 274 296 285 267 243 182 111 59 -15 -41 -81 -82 -84 -86 -95 -126 -146 -138 -137 -131 -144 -135 -136 -134 -141 -143 -144 -143 -148 -135 -145 -141 -144 -143 -131 -101 -95 -75 -71 -61 -63 -54 -45 -35 -28 -21 -14 -10 -7 -3 -2 -1 -1 2 2 27
2011 708 259 95 11 -32 -51 -41 -25 -15 16 53 70 102 116 141 155 196 258 357 460 509 516 561 545 506 378 213 55 77 -26 -5 -70 -35 -76 -67 -114 -138 -204 -214 -291 -338 -387 -406 -376 -344 -352 -336 -346 -304 -295 -267 -280 -280 -245 -226 -225 -210 -207 -206 -200 -216 -204 -200 -192 -196 -204 -147 -143 -120 -110 -96 -94 -86 -61 -44 -42 -20 -13 -9 -5 -2 -3 0 1 2 22 538 349 235 92 -2 -32 -44 -39 -33 -14 22 51 81 101 113 129 201 305 600 873 945 996 1030 1017 937 782 629 500 419 345 310 313 319 298 269 226 161 89 45 -22 -40 -76 -81 -83 -91 -102 -132 -144 -136 -136 -132 -143 -137 -138 -138 -146 -148 -149 -147 -151 -137 -148 -140 -138 -136 -126 -97 -88 -72 -67 -58 -59 -48 -39 -29 -22 -16 -10 -7 -5 -2 -3 -1 0 2 27
2012 725 287 117 27 -17 -35 -25 -12 6 26 58 83 109 130 148 170 201 278 378 495 545 568 578 584 555 435 276 110 73 -1 2 -45 -48 -35 -59 -74 -109 -144 -164 -206 -279 -302 -367 -370 -334 -317 -298 -323 -307 -290 -278 -257 -307 -252 -235 -217 -227 -209 -213 -196 -235 -186 -205 -179 -187 -197 -191 -147 -128 -120 -102 -83 -93 -65 -51 -46 -23 -15 -10 -7 -3 -3 -2 0 1 21 557 377 261 113 15 -17 -27 -27 -13 2 26 60 80 109 122 140 211 330 623 904 984 1037 1053 1040 973 826 661 527 423 374 348 337 328 324 286 240 195 131 67 27 -27 -42 -77 -85 -93 -103 -112 -132 -143 -137 -138 -134 -146 -140 -145 -148 -152 -154 -153 -149 -153 -135 -146 -137 -133 -132 -120 -91 -86 -68 -63 -53 -52 -42 -32 -23 -16 -11 -7 -5 -3 -2 -2 0 2 26
2013 736 304 133 39 -9 -30 -20 -4 13 41 63 86 119 132 161 176 217 282 400 519 583 597 614 581 572 464 309 149 93 -25 13 -53 -41 -64 -36 -76 -84 -124 -122 -167 -208 -255 -297 -342 -335 -311 -273 -289 -290 -296 -277 -268 -277 -274 -244 -228 -221 -222 -215 -203 -236 -199 -189 -183 -177 -191 -186 -187 -131 -129 -109 -89 -85 -73 -56 -52 -27 -18 -11 -8 -6 -3 -3 -1 1 20 567 397 278 127 25 -6 -19 -22 -9 11 34 61 87 109 129 146 218 338 645 928 1015 1073 1076 1045 977 839 681 537 432 365 364 360 338 318 298 251 197 153 97 39 15 -35 -53 -86 -98 -106 -116 -116 -135 -145 -141 -139 -140 -152 -148 -152 -156 -158 -159 -157 -151 -153 -136 -143 -131 -130 -125 -111 -86 -82 -62 -58 -46 -45 -35 -26 -18 -11 -8 -5 -4 -2 -2 -1 2 27
2014 738 311 143 47 -3 -25 -17 0 17 42 71 87 118 141 162 185 218 293 405 539 603 627 640 609 551 464 320 167 105 -14 -19 -57 -55 -66 -70 -64 -94 -108 -112 -132 -180 -197 -258 -284 -313 -319 -274 -267 -265 -282 -286 -269 -297 -258 -269 -239 -235 -221 -233 -207 -250 -200 -203 -171 -182 -183 -179 -182 -167 -133 -117 -97 -90 -65 -62 -58 -31 -20 -13 -8 -6 -5 -3 -1 0 19 573 411 290 136 30 -3 -16 -16 -5 18 43 65 86 109 126 151 224 346 654 951 1034 1095 1104 1059 968 832 682 546 429 362 343 365 351 319 286 253 198 151 110 62 23 -3 -45 -68 -102 -115 -121 -122 -123 -141 -151 -145 -148 -147 -160 -158 -163 -163 -164 -162 -161 -151 -152 -136 -137 -127 -125 -116 -107 -83 -75 -61 -50 -41 -37 -27 -19 -13 -7 -6 -4 -2 -2 0 1 26
2015 738 318 149 53 1 -22 -13 -2 17 41 72 91 119 138 168 186 225 294 414 544 626 648 668 631 575 438 318 178 109 -4 -20 -94 -62 -83 -73 -101 -87 -122 -105 -126 -152 -174 -204 -251 -265 -300 -282 -268 -243 -259 -274 -279 -299 -271 -255 -262 -245 -235 -229 -223 -253 -209 -204 -182 -168 -189 -170 -179 -163 -164 -120 -104 -97 -68 -55 -62 -34 -23 -15 -10 -7 -5 -4 -1 0 18 575 421 300 142 37 0 -14 -17 -3 18 45 70 89 107 128 147 227 349 660 957 1057 1113 1127 1082 978 816 672 543 433 355 338 342 348 324 283 238 197 147 106 72 38 4 -21 -65 -86 -118 -132 -130 -129 -129 -146 -156 -153 -153 -156 -171 -165 -170 -171 -167 -165 -160 -151 -149 -128 -133 -122 -115 -110 -101 -77 -71 -52 -45 -34 -29 -21 -15 -9 -6 -5 -2 -3 -1 1 24
2016 736 320 156 59 3 -20 -12 -1 17 43 72 93 121 138 166 191 227 298 415 552 630 674 686 660 596 460 290 178 117 4 -18 -87 -96 -88 -87 -105 -120 -118 -114 -119 -145 -147 -183 -201 -231 -252 -266 -277 -247 -237 -253 -270 -307 -275 -267 -252 -267 -246 -243 -221 -273 -213 -211 -183 -178 -177 -177 -172 -157 -162 -147 -105 -105 -74 -58 -56 -38 -27 -18 -12 -8 -6 -5 -2 0 16 576 427 307 148 41 4 -12 -14 -2 17 45 72 95 112 128 149 223 352 664 966 1065 1140 1143 1104 1001 826 654 531 431 359 329 336 328 323 287 235 183 145 101 67 50 18 -15 -42 -81 -107 -136 -139 -137 -137 -138 -152 -163 -159 -164 -165 -180 -175 -175 -172 -170 -166 -158 -148 -143 -124 -127 -112 -110 -105 -93 -72 -62 -47 -38 -26 -23 -14 -11 -7 -5 -3 -3 -1 1 24
2017 735 321 159 63 10 -16 -9 0 19 43 71 93 120 142 166 188 231 300 419 553 642 681 714 681 629 483 313 151 116 14 -15 -83 -93 -117 -91 -115 -124 -145 -111 -129 -138 -141 -157 -181 -187 -223 -227 -260 -256 -240 -234 -248 -297 -283 -272 -261 -255 -265 -253 -234 -270 -227 -214 -186 -178 -188 -166 -179 -151 -159 -144 -129 -111 -79 -63 -60 -33 -30 -21 -14 -10 -8 -5 -2 -1 15 577 433 314 154 45 8 -9 -12 1 21 47 73 95 114 128 149 226 349 667 971 1073 1148 1175 1120 1022 846 664 516 421 354 335 333 323 303 286 237 179 133 102 62 42 26 0 -35 -61 -104 -122 -144 -148 -144 -142 -144 -159 -169 -170 -175 -172 -187 -178 -179 -176 -169 -162 -156 -140 -138 -119 -118 -107 -105 -97 -87 -63 -55 -39 -31 -20 -16 -12 -8 -6 -3 -4 -1 1 24
2018 733 321 164 70 14 -12 -7 2 21 44 72 92 121 141 166 187 228 303 417 559 642 694 724 716 649 515 336 176 85 13 -7 -73 -90 -115 -118 -118 -129 -147 -135 -125 -144 -134 -151 -155 -168 -180 -198 -219 -240 -247 -237 -229 -275 -274 -278 -265 -265 -252 -274 -243 -289 -223 -230 -189 -183 -188 -176 -169 -157 -154 -142 -126 -132 -81 -67 -64 -37 -26 -23 -17 -11 -8 -6 -2 -1 14 577 437 318 158 51 11 -4 -9 3 21 48 75 96 113 133 149 222 350 664 975 1075 1156 1184 1153 1036 866 684 525 406 347 331 336 320 301 270 238 181 131 91 63 38 22 6 -22 -57 -85 -119 -132 -150 -153 -148 -150 -150 -165 -178 -179 -180 -180 -191 -182 -182 -175 -166 -160 -148 -137 -132 -112 -112 -102 -97 -90 -77 -56 -46 -33 -24 -14 -12 -9 -7 -5 -4 -1 1 23
2019 731 324 167 75 19 -8 -5 6 24 45 71 93 120 141 167 191 226 301 423 559 648 690 738 727 683 535 371 198 108 -11 -6 -64 -84 -113 -115 -140 -131 -152 -136 -146 -139 -142 -142 -149 -144 -160 -158 -191 -202 -233 -242 -233 -254 -255 -270 -271 -268 -264 -261 -261 -296 -234 -228 -201 -186 -196 -176 -179 -148 -161 -137 -120 -129 -99 -69 -69 -40 -28 -20 -19 -13 -9 -7 -4 -1 14 577 440 321 162 55 15 -2 -5 6 24 51 74 98 117 133 151 225 349 665 969 1082 1159 1193 1166 1068 882 701 545 414 334 327 334 324 297 267 223 180 134 89 54 38 18 3 -15 -44 -78 -101 -129 -138 -155 -159 -155 -156 -157 -174 -187 -182 -190 -184 -196 -182 -181 -171 -164 -152 -144 -131 -123 -105 -107 -96 -89 -80 -69 -47 -38 -26 -17 -11 -11 -8 -6 -5 -1 0 23
2020 731 324 170 79 23 -3 -1 9 26 47 74 94 120 140 167 190 230 299 420 564 649 696 734 742 694 574 390 231 129 11 -29 -63 -75 -106 -113 -139 -151 -150 -137 -145 -158 -136 -147 -139 -138 -137 -139 -153 -176 -196 -227 -240 -257 -237 -251 -262 -272 -266 -271 -252 -320 -242 -239 -199 -197 -198 -182 -180 -155 -152 -143 -117 -129 -96 -84 -74 -43 -30 -22 -16 -14 -11 -8 -5 -1 13 578 443 325 167 56 20 2 -1 10 27 53 77 100 118 134 154 229 350 664 972 1076 1165 1195 1172 1083 910 716 562 432 339 314 328 324 300 264 219 169 132 92 53 29 16 2 -20 -38 -67 -95 -111 -135 -144 -161 -163 -161 -161 -165 -182 -192 -193 -193 -186 -195 -181 -176 -168 -154 -148 -136 -120 -115 -100 -100 -88 -79 -71 -58 -39 -30 -19 -13 -10 -9 -7 -6 -2 0 23
2021 729 325 172 82 26 1 3 13 29 49 76 94 120 141 167 190 229 302 420 561 658 696 743 736 709 584 427 248 159 30 -11 -85 -76 -96 -110 -137 -150 -168 -135 -145 -155 -150 -141 -144 -130 -130 -117 -136 -138 -169 -193 -224 -261 -240 -233 -244 -264 -273 -273 -260 -296 -259 -246 -207 -195 -210 -184 -187 -156 -162 -137 -121 -126 -94 -82 -87 -44 -33 -24 -18 -13 -12 -10 -6 -2 13 579 445 327 170 60 24 7 2 13 30 55 78 100 118 134 154 229 354 665 968 1078 1157 1202 1173 1088 924 745 573 446 355 319 317 318 301 266 217 167 120 93 56 29 9 0 -22 -41 -61 -85 -107 -117 -141 -150 -165 -169 -165 -169 -173 -188 -201 -195 -195 -186 -195 -177 -173 -158 -150 -139 -126 -114 -111 -94 -93 -78 -71 -61 -50 -31 -23 -15 -12 -8 -8 -6 -3 0 22
2022 728 326 175 86 29 4 6 16 31 50 78 96 120 140 167 190 229 301 423 564 659 707 742 746 703 600 440 287 174 60 9 -66 -96 -96 -101 -133 -150 -168 -151 -142 -155 -147 -156 -137 -133 -122 -110 -112 -122 -134 -168 -192 -245 -246 -235 -228 -246 -263 -279 -263 -313 -250 -263 -215 -202 -209 -194 -189 -160 -164 -143 -116 -133 -91 -81 -86 -56 -34 -26 -20 -14 -11 -10 -7 -3 12 580 448 331 171 63 28 10 6 18 34 59 80 103 119 135 154 230 353 667 969 1078 1164 1195 1182 1090 930 760 601 457 369 335 322 308 298 268 221 166 118 81 57 33 8 -7 -23 -43 -64 -79 -96 -113 -125 -146 -155 -170 -173 -173 -177 -179 -196 -203 -197 -194 -185 -190 -173 -162 -153 -142 -129 -119 -111 -104 -88 -82 -70 -61 -52 -42 -24 -18 -14 -10 -7 -7 -3 -1 21
2023 728 328 180 90 33 8 9 19 33 52 79 98 121 141 166 191 229 301 423 571 663 713 757 745 713 594 457 300 211 74 35 -48 -78 -114 -101 -125 -147 -167 -152 -157 -153 -144 -151 -150 -128 -125 -104 -105 -100 -116 -133 -166 -209 -231 -240 -229 -230 -247 -270 -267 -312 -258 -253 -227 -210 -217 -192 -200 -162 -170 -144 -119 -125 -95 -79 -88 -54 -44 -27 -21 -16 -12 -9 -7 -3 12 580 450 333 175 66 31 15 10 21 38 62 83 105 122 136 155 230 354 668 973 1082 1167 1207 1176 1098 930 765 616 484 379 349 337 315 288 266 223 171 118 80 49 34 13 -7 -28 -43 -65 -81 -90 -102 -119 -130 -151 -161 -174 -181 -182 -182 -187 -198 -205 -195 -194 -178 -185 -162 -157 -145 -131 -122 -115 -103 -96 -78 -74 -59 -51 -43 -33 -19 -16 -11 -9 -6 -4 -1 21
2024 727 331 183 94 36 11 11 21 36 55 80 99 122 141 167 191 230 300 424 574 674 719 766 764 713 604 450 318 223 112 48 -22 -60 -98 -118 -123 -139 -163 -153 -157 -165 -142 -149 -145 -136 -120 -105 -98 -93 -95 -117 -134 -186 -201 -226 -235 -232 -232 -254 -260 -318 -261 -262 -225 -221 -223 -199 -198 -170 -171 -149 -120 -134 -91 -83 -87 -53 -42 -36 -22 -17 -14 -10 -7 -4 11 581 453 336 179 71 35 17 13 23 39 66 86 107 124 138 157 232 355 667 975 1090 1174 1214 1191 1094 939 765 621 499 404 358 351 328 296 259 222 172 123 81 48 27 14 -2 -28 -49 -65 -82 -92 -97 -109 -125 -135 -156 -165 -182 -190 -187 -190 -188 -198 -202 -194 -187 -174 -174 -157 -147 -133 -123 -117 -107 -96 -85 -70 -63 -50 -43 -34 -28 -17 -14 -10 -8 -3 -2 21
2025 726 333 187 99 41 15 15 23 38 57 83 101 123 143 168 193 230 302 425 577 680 735 775 776 736 605 461 311 243 125 84 -6 -36 -81 -101 -138 -137 -155 -151 -158 -164 -152 -145 -142 -131 -128 -99 -99 -85 -87 -96 -119 -152 -177 -198 -222 -237 -233 -239 -245 -309 -266 -264 -228 -219 -238 -206 -207 -169 -182 -150 -123 -136 -95 -79 -94 -52 -43 -34 -30 -18 -15 -12 -7 -3 10 583 458 342 183 75 38 22 17 27 44 67 88 109 124 138 158 232 356 668 975 1094 1187 1224 1202 1112 936 775 621 504 419 382 360 341 309 266 216 171 126 86 48 27 8 0 -23 -49 -70 -82 -93 -99 -104 -114 -130 -141 -161 -171 -190 -194 -193 -190 -189 -197 -201 -187 -182 -163 -166 -147 -135 -126 -119 -110 -100 -86 -78 -61 -54 -42 -33 -29 -26 -14 -12 -9 -5 -1 20
2026 727 336 191 104 46 18 17 25 41 59 84 103 126 145 170 194 230 301 426 580 686 745 797 789 750 630 463 325 237 144 97 28 -22 -57 -85 -123 -151 -153 -144 -155 -166 -152 -156 -137 -128 -123 -106 -94 -86 -80 -90 -97 -138 -146 -174 -195 -223 -239 -239 -232 -292 -259 -268 -231 -222 -229 -217 -211 -174 -180 -159 -125 -143 -96 -83 -89 -56 -42 -34 -28 -25 -16 -13 -9 -4 11 584 462 345 187 78 43 26 21 31 46 70 92 111 126 140 159 233 357 668 977 1098 1195 1242 1216 1125 956 772 631 504 423 396 383 351 321 278 222 167 124 87 52 25 7 -7 -22 -44 -69 -86 -92 -99 -105 -110 -119 -136 -145 -166 -181 -194 -199 -194 -191 -187 -196 -193 -181 -172 -156 -157 -136 -128 -121 -111 -102 -89 -77 -66 -52 -45 -33 -28 -26 -22 -13 -11 -6 -2 20
2027 727 340 196 110 51 23 20 28 43 61 86 104 127 147 172 195 232 303 428 583 693 755 811 816 764 647 489 326 248 139 114 40 11 -43 -63 -107 -137 -165 -142 -147 -163 -154 -155 -146 -123 -119 -101 -99 -80 -81 -82 -91 -117 -131 -146 -173 -198 -226 -244 -232 -272 -246 -261 -235 -225 -235 -211 -225 -180 -188 -158 -131 -143 -98 -84 -98 -54 -47 -33 -28 -24 -22 -13 -9 -5 9 587 466 349 192 83 48 31 24 35 51 74 93 113 129 142 162 236 358 669 977 1102 1203 1255 1238 1142 971 791 626 513 424 400 396 371 329 290 235 174 121 88 54 29 7 -7 -26 -42 -65 -85 -96 -98 -105 -110 -115 -126 -140 -153 -175 -184 -199 -200 -195 -188 -187 -187 -188 -170 -164 -147 -145 -127 -123 -113 -103 -91 -82 -67 -58 -44 -36 -27 -26 -23 -20 -11 -7 -3 18
2028 726 342 203 116 56 27 24 31 46 63 88 105 128 149 173 196 234 304 430 586 699 766 825 834 795 664 508 354 250 151 110 59 22 -13 -51 -87 -121 -153 -152 -146 -155 -152 -154 -146 -131 -113 -97 -93 -85 -75 -81 -83 -110 -111 -131 -145 -177 -202 -231 -238 -274 -233 -248 -230 -229 -238 -216 -215 -190 -192 -163 -130 -153 -100 -86 -100 -57 -46 -37 -28 -24 -21 -19 -10 -5 10 588 470 355 198 88 52 35 28 37 52 76 96 117 130 144 163 236 360 669 978 1106 1212 1268 1254 1165 988 808 647 510 434 402 400 384 350 299 247 186 128 85 54 32 11 -7 -28 -46 -64 -80 -94 -102 -103 -110 -115 -122 -130 -147 -160 -179 -189 -201 -200 -192 -187 -178 -182 -175 -163 -154 -136 -136 -123 -115 -105 -92 -83 -71 -58 -49 -35 -30 -25 -22 -20 -18 -7 -4 19
2029 726 346 208 122 62 32 29 35 48 65 89 106 130 149 175 198 236 306 432 589 705 774 838 850 817 700 527 374 278 153 121 55 41 -1 -22 -75 -103 -138 -141 -157 -154 -145 -153 -146 -130 -120 -91 -88 -79 -79 -75 -82 -102 -104 -112 -131 -150 -182 -208 -227 -275 -235 -235 -220 -224 -241 -218 -222 -187 -205 -167 -134 -151 -106 -88 -106 -58 -48 -36 -32 -24 -21 -18 -14 -6 8 589 475 360 203 93 57 40 32 42 57 79 98 118 132 145 165 238 361 671 980 1109 1219 1279 1270 1184 1014 825 663 529 430 411 402 389 362 317 255 196 139 92 52 33 14 -3 -27 -46 -67 -79 -89 -101 -106 -109 -115 -121 -126 -138 -155 -164 -184 -190 -199 -197 -191 -179 -172 -171 -167 -152 -142 -128 -130 -115 -107 -95 -85 -73 -62 -50 -40 -30 -28 -22 -20 -18 -13 -4 15
2030 726 351 214 129 68 37 34 39 51 67 91 108 131 150 176 199 238 307 433 593 710 782 850 868 837 722 565 395 297 182 126 66 37 15 -11 -48 -92 -119 -129 -146 -164 -142 -146 -144 -131 -120 -98 -83 -74 -72 -78 -76 -100 -97 -106 -113 -137 -155 -190 -205 -264 -239 -237 -210 -213 -235 -222 -224 -190 -194 -178 -138 -158 -105 -93 -107 -60 -49 -38 -31 -27 -21 -18 -14 -9 8 591 480 366 208 98 62 44 38 46 60 81 101 120 134 147 166 240 363 671 980 1114 1227 1291 1285 1202 1033 852 681 546 449 408 411 392 368 330 272 205 149 102 59 31 15 -1 -24 -46 -67 -83 -87 -95 -104 -113 -113 -122 -126 -132 -145 -158 -170 -185 -189 -197 -195 -182 -174 -162 -163 -157 -141 -134 -123 -121 -107 -96 -87 -74 -63 -53 -41 -34 -28 -25 -20 -17 -13 -9 15
2031 727 357 220 136 75 43 39 43 55 70 93 110 132 151 177 201 237 309 436 596 715 791 861 883 855 746 590 433 317 201 150 71 48 13 4 -38 -67 -110 -112 -133 -152 -151 -144 -137 -130 -120 -98 -89 -70 -67 -72 -80 -93 -96 -98 -107 -120 -143 -164 -187 -236 -229 -241 -211 -204 -225 -217 -227 -192 -202 -171 -145 -161 -108 -92 -115 -62 -50 -40 -33 -27 -24 -17 -14 -9 5 593 487 372 214 104 69 50 43 51 64 84 103 123 137 150 168 241 364 672 983 1117 1233 1302 1299 1219 1053 872 706 561 465 427 409 400 370 334 285 222 158 111 68 36 11 0 -23 -44 -67 -83 -90 -93 -100 -111 -117 -120 -126 -133 -140 -149 -164 -170 -184 -187 -194 -185 -177 -163 -154 -152 -145 -132 -128 -115 -113 -96 -88 -76 -65 -55 -44 -35 -31 -24 -22 -17 -13 -9 11
2032 729 362 227 144 81 49 44 47 57 72 96 111 134 153 179 203 240 310 437 598 720 799 871 897 874 766 614 459 353 222 170 96 52 22 2 -23 -57 -86 -103 -118 -142 -143 -151 -135 -123 -119 -98 -89 -75 -62 -66 -73 -96 -90 -97 -100 -114 -126 -152 -164 -220 -210 -232 -217 -206 -215 -208 -222 -195 -202 -176 -144 -173 -111 -95 -114 -66 -52 -42 -34 -29 -24 -20 -13 -9 4 595 493 378 220 110 74 56 48 56 68 89 106 125 138 150 170 241 365 671 984 1122 1241 1313 1314 1236 1072 891 726 586 480 440 426 401 379 339 289 234 174 120 77 45 17 -3 -22 -43 -64 -83 -91 -95 -97 -106 -114 -122 -123 -132 -140 -144 -154 -165 -170 -183 -184 -185 -180 -165 -155 -144 -141 -136 -127 -120 -107 -102 -88 -78 -67 -56 -45 -38 -33 -28 -22 -19 -13 -9 8
2033 729 368 233 152 88 55 49 51 61 75 96 114 134 155 180 204 241 310 439 600 726 807 882 910 890 786 638 486 379 257 188 114 75 27 10 -25 -42 -77 -81 -111 -127 -132 -143 -144 -122 -113 -97 -89 -74 -67 -60 -68 -90 -93 -92 -99 -107 -120 -135 -152 -194 -193 -212 -208 -213 -216 -199 -212 -191 -205 -177 -146 -162 -117 -98 -121 -66 -56 -43 -36 -29 -25 -20 -15 -8 3 598 499 384 227 118 81 61 53 60 72 92 109 126 139 152 171 243 366 672 984 1126 1248 1323 1326 1251 1089 910 744 606 503 455 440 415 379 347 293 238 184 134 85 53 25 2 -24 -42 -62 -80 -91 -95 -99 -103 -109 -120 -125 -130 -138 -143 -149 -156 -165 -169 -180 -176 -179 -167 -158 -145 -133 -132 -130 -118 -113 -97 -94 -77 -68 -58 -47 -39 -35 -28 -25 -19 -14 -9 6
2034 730 374 241 159 95 62 55 56 65 78 99 115 137 155 182 205 243 312 441 603 730 814 892 923 906 805 658 509 404 283 223 134 93 49 14 -16 -45 -65 -73 -90 -119 -120 -134 -136 -129 -110 -90 -87 -73 -66 -66 -63 -84 -87 -94 -93 -106 -114 -129 -137 -183 -172 -196 -196 -204 -220 -200 -202 -183 -201 -180 -148 -170 -116 -104 -123 -68 -55 -46 -37 -31 -26 -21 -15 -10 3 600 506 392 234 125 87 68 59 66 77 96 113 130 141 153 172 245 367 673 984 1128 1253 1334 1341 1266 1105 927 763 624 522 477 454 428 393 346 302 242 188 144 99 60 32 9 -19 -43 -62 -77 -88 -95 -99 -105 -107 -114 -123 -132 -136 -142 -148 -150 -155 -164 -167 -171 -171 -167 -159 -148 -135 -125 -126 -122 -111 -102 -89 -82 -68 -59 -48 -41 -36 -31 -26 -22 -14 -11 5
2035 732 380 248 167 102 70 60 61 70 82 102 117 138 157 183 207 245 313 441 606 734 818 901 936 921 823 678 532 428 309 247 167 111 67 36 -12 -37 -66 -62 -83 -101 -113 -122 -125 -121 -117 -89 -81 -72 -65 -65 -67 -80 -81 -88 -95 -101 -113 -124 -131 -168 -161 -176 -180 -191 -212 -205 -203 -176 -193 -177 -150 -170 -118 -103 -134 -71 -58 -46 -40 -32 -27 -22 -16 -10 2 603 514 399 241 130 93 74 66 71 81 100 116 132 145 156 174 246 368 672 985 1131 1260 1343 1353 1280 1120 944 780 642 538 494 475 443 406 361 303 249 192 148 106 72 39 17 -12 -39 -64 -76 -86 -92 -100 -105 -109 -113 -117 -128 -138 -139 -146 -150 -150 -155 -162 -159 -167 -158 -159 -149 -137 -126 -120 -118 -114 -101 -93 -78 -73 -60 -50 -43 -37 -32 -28 -23 -17 -10 3
2036 733 387 255 176 110 76 66 65 74 85 104 119 140 159 185 209 246 314 441 606 737 825 909 946 934 839 698 553 449 331 271 190 142 84 52 6 -34 -58 -64 -73 -94 -97 -116 -115 -113 -111 -94 -79 -66 -63 -64 -66 -83 -77 -82 -90 -103 -108 -123 -126 -162 -147 -166 -162 -177 -197 -197 -206 -177 -183 -170 -148 -172 -120 -105 -122 -76 -60 -48 -40 -35 -28 -23 -17 -10 2 605 521 406 249 137 101 82 71 77 87 104 119 135 145 158 176 247 368 672 983 1133 1265 1351 1363 1293 1135 960 796 657 555 511 489 460 418 372 315 251 200 151 110 80 50 22 -6 -33 -60 -78 -85 -91 -98 -105 -109 -114 -115 -123 -136 -140 -145 -148 -151 -150 -154 -154 -156 -155 -152 -148 -138 -128 -121 -112 -111 -103 -93 -83 -70 -64 -50 -44 -39 -33 -28 -25 -17 -12 3
2037 734 394 264 185 118 82 72 71 78 89 108 121 142 161 186 210 246 316 441 608 740 829 915 955 945 854 714 571 469 352 292 213 165 114 68 22 -16 -55 -57 -75 -85 -90 -100 -110 -105 -104 -88 -85 -66 -58 -63 -66 -82 -80 -78 -86 -98 -111 -118 -125 -156 -142 -152 -153 -161 -184 -185 -199 -181 -185 -162 -143 -170 -123 -107 -130 -75 -64 -50 -42 -34 -30 -24 -18 -11 2 607 529 415 256 145 108 88 77 82 90 109 123 137 148 158 176 249 369 672 984 1135 1271 1359 1374 1305 1148 974 811 672 570 526 505 475 436 386 326 264 201 158 114 84 58 32 -2 -27 -54 -75 -88 -90 -96 -103 -109 -114 -115 -121 -130 -138 -146 -145 -150 -149 -148 -146 -150 -145 -148 -143 -138 -129 -123 -114 -107 -100 -95 -82 -73 -61 -54 -44 -40 -35 -30 -25 -19 -13 0
2038 733 400 272 193 127 91 79 77 83 93 111 124 144 162 187 212 248 316 443 610 743 834 922 964 955 866 730 589 487 372 312 233 187 134 94 38 -2 -39 -56 -69 -88 -82 -95 -96 -99 -95 -83 -79 -71 -56 -58 -65 -82 -79 -81 -81 -93 -106 -120 -121 -155 -137 -147 -141 -152 -168 -173 -185 -175 -186 -164 -137 -162 -121 -109 -130 -77 -64 -54 -44 -36 -30 -26 -18 -12 0 610 537 423 265 153 116 94 84 87 95 112 126 140 150 162 178 250 370 672 984 1137 1274 1366 1382 1314 1160 987 825 687 584 539 520 490 450 400 338 273 214 159 119 86 60 38 7 -23 -49 -70 -84 -92 -95 -101 -106 -114 -115 -122 -128 -133 -144 -146 -147 -147 -147 -142 -143 -140 -139 -140 -131 -129 -123 -115 -107 -96 -93 -84 -73 -65 -51 -48 -41 -36 -32 -27 -20 -15 -1
2039 735 406 280 202 134 98 85 82 88 97 114 126 146 163 189 214 250 317 444 611 744 838 928 971 964 877 743 604 504 389 331 253 205 153 114 63 12 -27 -41 -69 -84 -85 -88 -91 -87 -91 -75 -73 -66 -63 -56 -60 -81 -80 -81 -85 -90 -101 -115 -123 -150 -137 -143 -138 -141 -160 -159 -175 -166 -181 -167 -139 -154 -116 -107 -133 -79 -66 -54 -47 -38 -32 -26 -20 -12 0 613 545 431 272 160 123 102 90 93 101 117 129 143 153 163 181 251 372 671 984 1137 1278 1372 1390 1326 1171 998 838 700 597 553 532 502 462 413 353 284 221 170 120 91 61 42 13 -14 -45 -65 -79 -89 -97 -100 -104 -112 -116 -122 -130 -131 -139 -144 -148 -145 -146 -141 -138 -133 -135 -132 -130 -123 -124 -117 -109 -98 -89 -82 -74 -64 -55 -46 -44 -36 -32 -28 -21 -15 -3
2040 736 413 288 211 142 106 92 88 92 101 117 129 148 165 190 216 251 317 446 611 747 841 933 978 973 887 755 617 519 406 347 270 223 171 133 81 35 -14 -30 -55 -83 -81 -92 -85 -83 -79 -71 -66 -60 -58 -61 -58 -76 -79 -81 -85 -93 -98 -111 -118 -152 -133 -143 -134 -137 -149 -151 -161 -155 -169 -163 -143 -157 -112 -103 -131 -81 -67 -55 -47 -41 -33 -27 -20 -13 -1 615 551 437 280 169 131 110 98 99 106 120 132 146 155 164 182 253 373 672 982 1139 1282 1377 1398 1334 1181 1008 847 710 609 564 544 514 474 425 364 297 231 178 131 91 65 43 15 -9 -37 -61 -74 -83 -94 -102 -103 -110 -114 -122 -129 -132 -137 -139 -145 -146 -143 -140 -138 -128 -128 -128 -122 -122 -119 -117 -110 -100 -89 -78 -73 -65 -54 -48 -42 -39 -33 -29 -22 -16 -7
2041 736 419 296 219 150 113 99 95 97 105 120 132 150 167 192 216 253 319 446 613 749 845 937 982 980 895 764 628 530 420 361 285 238 188 148 96 52 8 -19 -45 -70 -81 -89 -89 -77 -76 -60 -63 -53 -52 -57 -64 -74 -74 -80 -85 -93 -102 -108 -114 -148 -134 -139 -133 -133 -145 -141 -155 -144 -161 -153 -139 -158 -114 -100 -126 -80 -69 -57 -48 -41 -35 -29 -21 -13 -2 617 558 445 288 176 139 116 105 106 111 124 136 149 157 166 183 254 373 671 981 1139 1284 1382 1404 1340 1188 1018 857 719 619 575 554 525 485 436 375 307 243 187 137 100 65 45 16 -7 -32 -54 -72 -79 -89 -99 -106 -109 -113 -120 -129 -132 -139 -139 -141 -143 -144 -137 -136 -128 -124 -123 -118 -115 -117 -112 -110 -101 -92 -79 -70 -64 -56 -48 -45 -37 -35 -29 -23 -17 -8
2042 737 424 303 226 158 121 106 100 102 110 124 134 152 169 194 218 254 319 446 615 751 848 941 989 985 901 772 638 541 432 375 299 252 203 163 111 65 22 -1 -36 -62 -72 -90 -87 -82 -71 -58 -54 -49 -46 -51 -60 -79 -73 -78 -85 -94 -102 -112 -111 -146 -130 -140 -130 -134 -142 -138 -144 -138 -149 -145 -132 -154 -118 -102 -119 -77 -68 -58 -50 -42 -35 -31 -22 -14 -3 619 564 452 295 184 146 124 110 110 115 130 141 151 159 167 185 254 373 671 982 1141 1288 1388 1410 1348 1195 1025 865 728 627 583 564 535 494 446 385 318 253 198 145 107 72 44 19 -7 -31 -50 -66 -76 -87 -95 -103 -112 -113 -118 -127 -133 -139 -140 -140 -140 -143 -138 -134 -127 -124 -119 -113 -111 -112 -111 -107 -102 -93 -81 -70 -61 -54 -49 -45 -40 -34 -31 -23 -18 -9
2043 737 429 308 233 165 128 113 107 107 113 127 137 154 171 196 220 255 319 445 614 753 851 944 993 990 907 779 646 549 441 385 312 265 214 175 125 79 35 13 -19 -54 -63 -80 -88 -81 -75 -54 -51 -41 -44 -46 -55 -76 -78 -77 -82 -94 -103 -112 -116 -144 -128 -137 -132 -131 -142 -135 -142 -129 -144 -136 -125 -143 -115 -105 -122 -74 -66 -58 -51 -43 -37 -31 -23 -15 -5 621 570 459 302 191 152 131 117 116 121 133 144 154 162 171 187 256 375 670 981 1142 1289 1392 1415 1353 1202 1031 871 734 634 592 572 542 503 454 393 327 262 206 154 112 79 51 18 -7 -32 -49 -62 -72 -84 -91 -99 -110 -115 -118 -126 -131 -140 -142 -142 -139 -139 -136 -135 -125 -122 -119 -110 -107 -108 -106 -105 -98 -93 -82 -72 -62 -52 -48 -45 -40 -37 -30 -25 -18 -11
2044 738 434 314 239 171 135 120 111 112 118 131 140 155 172 197 221 255 321 447 615 754 853 947 997 994 912 783 652 556 448 392 319 274 224 186 134 90 47 23 -8 -39 -57 -74 -80 -81 -74 -59 -48 -38 -35 -45 -50 -72 -75 -82 -82 -91 -103 -114 -117 -148 -125 -136 -129 -132 -140 -136 -139 -127 -136 -131 -117 -138 -110 -103 -122 -76 -63 -56 -51 -44 -38 -32 -23 -15 -4 622 575 465 307 197 160 138 123 123 126 138 146 158 163 171 187 257 376 670 980 1142 1291 1395 1419 1358 1206 1035 876 741 639 596 578 549 510 461 401 335 270 213 161 121 84 54 24 -8 -30 -50 -61 -68 -79 -89 -96 -106 -113 -122 -126 -131 -139 -142 -142 -141 -139 -134 -134 -126 -122 -118 -110 -104 -104 -103 -101 -97 -90 -83 -73 -64 -52 -46 -44 -41 -36 -33 -24 -19 -12
2045 738 437 318 245 178 141 125 117 117 122 134 143 158 175 199 222 257 320 448 615 755 855 951 1001 998 916 788 657 561 454 399 326 281 233 194 144 98 55 33 1 -30 -44 -68 -75 -74 -76 -58 -52 -36 -34 -37 -48 -67 -71 -80 -87 -92 -101 -114 -119 -148 -129 -135 -127 -130 -141 -134 -140 -125 -133 -123 -113 -130 -104 -99 -120 -79 -65 -54 -49 -44 -39 -33 -24 -15 -6 623 579 469 313 203 166 144 130 128 131 142 151 160 165 172 189 258 376 668 978 1143 1293 1397 1424 1361 1210 1040 880 744 645 601 582 554 516 467 407 341 277 219 168 126 91 60 26 -4 -32 -50 -63 -70 -76 -85 -95 -103 -109 -120 -129 -132 -139 -141 -143 -141 -141 -133 -131 -125 -124 -117 -109 -105 -102 -100 -98 -93 -90 -80 -75 -65 -54 -46 -43 -40 -37 -33 -27 -18 -15
2046 736 439 323 251 183 146 129 121 121 126 138 146 160 177 201 224 258 321 447 617 757 859 955 1004 1001 919 790 658 564 457 402 331 286 239 201 151 106 62 41 9 -23 -36 -56 -70 -70 -70 -60 -52 -40 -31 -36 -41 -66 -67 -77 -86 -98 -102 -112 -120 -149 -131 -139 -126 -128 -140 -135 -139 -126 -132 -122 -107 -126 -98 -94 -111 -77 -68 -55 -47 -43 -39 -34 -25 -16 -7 624 583 473 318 210 171 149 134 133 135 146 153 162 166 175 190 259 377 669 977 1141 1294 1399 1427 1365 1214 1042 883 745 647 604 585 558 519 472 411 345 281 225 172 131 95 66 29 -1 -29 -52 -63 -71 -77 -83 -91 -102 -107 -118 -128 -135 -139 -141 -142 -141 -142 -135 -131 -124 -123 -117 -109 -104 -103 -97 -95 -91 -86 -80 -72 -65 -55 -48 -43 -38 -36 -33 -26 -20 -15
2047 737 442 326 255 187 151 134 126 125 130 140 147 162 178 201 224 258 322 447 617 756 859 956 1006 1004 921 792 661 565 459 405 333 290 241 205 155 111 67 45 15 -17 -31 -51 -62 -67 -67 -55 -54 -41 -37 -34 -42 -59 -67 -73 -83 -96 -108 -113 -118 -150 -133 -140 -130 -128 -140 -135 -141 -125 -134 -122 -105 -121 -95 -89 -109 -74 -66 -58 -49 -41 -37 -34 -26 -16 -7 625 587 477 323 213 176 154 139 137 139 149 156 164 169 176 191 260 377 667 976 1141 1294 1402 1428 1368 1215 1045 885 748 647 605 588 560 522 475 415 350 284 229 176 136 99 70 35 2 -27 -49 -66 -71 -79 -84 -90 -98 -106 -116 -126 -136 -143 -142 -142 -141 -142 -136 -134 -123 -123 -118 -110 -104 -102 -99 -93 -88 -84 -77 -72 -63 -56 -49 -45 -39 -35 -33 -27 -20 -17
2048 736 444 329 258 191 153 137 130 129 132 143 150 164 180 203 225 260 323 448 616 759 861 958 1009 1005 922 793 661 565 458 404 333 289 243 206 157 113 70 49 17 -13 -27 -46 -57 -60 -64 -53 -51 -44 -38 -40 -40 -60 -63 -73 -80 -95 -107 -120 -120 -149 -135 -142 -131 -132 -140 -135 -141 -128 -133 -123 -106 -119 -90 -85 -102 -71 -64 -56 -51 -42 -36 -33 -26 -17 -8 626 589 481 326 217 181 159 145 142 143 152 158 167 171 176 192 261 376 666 974 1141 1293 1403 1430 1368 1216 1045 884 747 646 606 588 561 523 476 417 352 287 231 180 138 103 73 38 6 -25 -47 -62 -75 -79 -87 -91 -97 -103 -116 -125 -134 -143 -146 -143 -142 -142 -137 -134 -127 -123 -117 -110 -105 -103 -99 -95 -87 -82 -74 -68 -63 -54 -50 -46 -41 -35 -32 -27 -21 -19
2049 735 446 331 262 194 156 141 134 132 136 146 152 166 181 204 226 259 321 445 616 758 861 959 1009 1006 922 793 659 563 457 402 332 288 241 205 156 114 71 50 19 -11 -24 -43 -53 -56 -58 -51 -50 -42 -42 -42 -45 -60 -63 -69 -80 -93 -106 -119 -127 -151 -134 -145 -134 -135 -144 -135 -141 -127 -136 -123 -107 -119 -89 -82 -100 -66 -60 -54 -50 -44 -37 -32 -25 -17 -8 625 591 483 329 222 186 164 148 146 147 155 161 168 171 177 192 260 377 665 971 1138 1293 1402 1430 1368 1217 1045 883 745 646 604 587 560 523 475 418 352 288 232 181 139 104 74 39 8 -21 -46 -61 -73 -84 -88 -94 -99 -102 -113 -126 -133 -142 -147 -147 -144 -144 -137 -136 -128 -126 -118 -111 -106 -104 -100 -95 -89 -80 -72 -67 -60 -54 -48 -47 -42 -37 -32 -26 -20 -21
