(* disease rates specified by gender and 5-year ageclass
	incidence
	prevalence
	remission
	case fatality
	excess mortality
	CBS registered mortality
Source: DisMod November 2005, excess mortality based on DisMod-analyses *)

diabetes_incidence_rates_males&females

div 1000

0.03 0.08 0.38 0.13 0.51 0.61 1.16 1.42 2.68 5.11 8.96 9.21 13.11 13.55 18.78 12.37 12.26 15.44
0.15 0.54 0.36 0.52 0.54 0.79 0.67 1.61 2.05 2.67 4.29 7.9 12.16 12.96 16.07 16.95 14.17 12.9

diabetes_prevalence_rates_males&females

div 1000

0.14 0.63 1.09 1.16 3.1 2.81 5.83 10.28 12.19 21.37 44.22 69.82 93.58 113.84 130.24 148.18 144.08 129.87
0.52 0.75 1.51 2.7 3.3 3.67 5.84 6.75 11.06 18.63 29.04 46.95 74.47 110.82 128.25 150.37 156.75 159.13

diabetes_remission_rates_males&females

div 100

0 0 0 0 0 0 0 0 0 0 0 0 0 0 0 0 0 0
0 0 0 0 0 0 0 0 0 0 0 0 0 0 0 0 0 0

diabetes_case_fatality_rates_males&females

div 100

0 0 0 0 0 0 0 0 0 0 0 0 0 0 0 0 0 0
0 0 0 0 0 0 0 0 0 0 0 0 0 0 0 0 0 0

diabetes_excess_mortality_rates_males&females

div 1

0.008  0.008  0.008  0.008  0.008  0.011  0.015  0.022  0.031  0.041  0.052  0.062  0.072  0.081  0.088  0.094  0.099  0.103
0.006  0.006  0.006  0.006  0.006  0.008  0.011  0.016  0.023  0.031  0.041  0.051  0.061  0.07  0.078  0.083  0.086  0.087


diabetes_CBS_cause_specific_mortality_numbers_males&females

div 100000

0 0 0 0   .21 .52 .30  .89 4.03 4.85 12.85 21.83 30.27 44.15 77.47 122.86 201.10 391.59
0 0 0 .22 .21 0   .93 1.23  .99 3.56  4.20 12.16 18.40 32.80 58.54 116.80 253.92 449.23


excess DisMod 2000
div 100

3.2 3.2 3.2 3.2 3.8 3.8 3.2 2.7 2.4 2.4 2.4 2.4 2.4 2.8 4.4 6.2 7.1 7.6
3.2 3.2 3.2 3.2 3.8 3.8 3.2 2.7 2.4 2.4 2.4 2.4 2.4 2.8 4.4 6.2 7.1 7.6

DisMod November 2005

div 1

0.008  0.008  0.008  0.008  0.008  0.011  0.015  0.022  0.031  0.041  0.052  0.062  0.072  0.081  0.088  0.094  0.099  0.103
0.006  0.006  0.006  0.006  0.006  0.008  0.011  0.016  0.023  0.031  0.041  0.051  0.061  0.07  0.078  0.083  0.086  0.087


DisMod summer 2005

div 1000

1 1 1 1 1 1 2 2 3 4 6 10 15 23 35 53 81 117
1 1 1 1 1 1 1 2 3 4 6  8 12 19 31 53 96 161


