(* consumptie groente(feb2004)
prevalence rates specified by gender,
within gender by class (grenswaarden 50,100,150,200 g/dag)
within class by 5-year ageclass

transition rates = 0 

Source: Ons eten gemeten 2004 *)

#classes 5

prevalence_rates_males

div 100

23.39 23.39 23.39 23.39 23.39 23.39 18.22 18.22 19.32 19.32 11.14 11.14  7.73  7.73 10.81 10.81 10.81 10.81
19.54 19.54 19.54 19.54 19.54 19.54 22.67 22.67 21.33 21.33 19.06 19.06 13.53 13.53 21.08 21.08 21.08 21.08 
22.88 22.88 22.88 22.88 22.88 22.88 21.33 21.33 23.34 23.34 19.65 19.65 18.36 18.36 18.38 18.38 18.38 18.38
16.71 16.71 16.71 16.71 16.71 16.71 15.78 15.78 19.52 19.52 16.72 16.72 25.12 25.12 16.76 16.76 16.76 16.76 
17.48 17.48 17.48 17.48 17.48 17.48 22.   22.   16.5  16.5  33.43 33.43 35.27 35.27 32.97 32.97 32.97 32.97

prevalence_rates_females

div 100

25.41 25.41 25.41 25.41 25.41 25.41 25.41 25.41 18.65 18.65  9.21  9.21  7.55  7.55 10.36 10.36 10.36 10.36
20.49 20.49 20.49 20.49 20.49 20.49 20.49 20.49 20.03 20.03 20.33 20.33 16.98 16.98 18.77 18.77 18.77 18.77
23.98 23.98 23.98 23.98 23.98 23.98 23.98 23.98 26.42 26.42 24.12 24.12 20.38 20.38 23.3  23.3  23.3  23.3
15.16 15.16 15.16 15.16 15.16 15.16 15.16 15.16 16.23 16.23 16.8  16.8  24.15 24.15 18.77 18.77 18.77 18.77
14.96 14.96 14.96 14.96 14.96 14.96 14.96 14.96 18.65 18.65 29.54 29.54 30.94 30.94 28.8  28.8  28.8  28.8

#transitions 20

1 2
1 3
1 4
1 5

2 3
2 4
2 5

3 4
3 5

4 5

2 1
3 1
4 1
5 1

3 2
4 2
5 2

4 3
5 3

5 4

transition_rates_males

div 1

0 0 0 0 0 0 0 0 0 0 0 0 0 0 0 0 0 0
0 0 0 0 0 0 0 0 0 0 0 0 0 0 0 0 0 0
0 0 0 0 0 0 0 0 0 0 0 0 0 0 0 0 0 0
0 0 0 0 0 0 0 0 0 0 0 0 0 0 0 0 0 0

0 0 0 0 0 0 0 0 0 0 0 0 0 0 0 0 0 0
0 0 0 0 0 0 0 0 0 0 0 0 0 0 0 0 0 0
0 0 0 0 0 0 0 0 0 0 0 0 0 0 0 0 0 0

0 0 0 0 0 0 0 0 0 0 0 0 0 0 0 0 0 0
0 0 0 0 0 0 0 0 0 0 0 0 0 0 0 0 0 0

0 0 0 0 0 0 0 0 0 0 0 0 0 0 0 0 0 0

0 0 0 0 0 0 0 0 0 0 0 0 0 0 0 0 0 0
0 0 0 0 0 0 0 0 0 0 0 0 0 0 0 0 0 0
0 0 0 0 0 0 0 0 0 0 0 0 0 0 0 0 0 0
0 0 0 0 0 0 0 0 0 0 0 0 0 0 0 0 0 0

0 0 0 0 0 0 0 0 0 0 0 0 0 0 0 0 0 0
0 0 0 0 0 0 0 0 0 0 0 0 0 0 0 0 0 0
0 0 0 0 0 0 0 0 0 0 0 0 0 0 0 0 0 0

0 0 0 0 0 0 0 0 0 0 0 0 0 0 0 0 0 0
0 0 0 0 0 0 0 0 0 0 0 0 0 0 0 0 0 0

0 0 0 0 0 0 0 0 0 0 0 0 0 0 0 0 0 0

transition_rates_females

div 1

0 0 0 0 0 0 0 0 0 0 0 0 0 0 0 0 0 0
0 0 0 0 0 0 0 0 0 0 0 0 0 0 0 0 0 0
0 0 0 0 0 0 0 0 0 0 0 0 0 0 0 0 0 0
0 0 0 0 0 0 0 0 0 0 0 0 0 0 0 0 0 0

0 0 0 0 0 0 0 0 0 0 0 0 0 0 0 0 0 0
0 0 0 0 0 0 0 0 0 0 0 0 0 0 0 0 0 0
0 0 0 0 0 0 0 0 0 0 0 0 0 0 0 0 0 0

0 0 0 0 0 0 0 0 0 0 0 0 0 0 0 0 0 0
0 0 0 0 0 0 0 0 0 0 0 0 0 0 0 0 0 0

0 0 0 0 0 0 0 0 0 0 0 0 0 0 0 0 0 0

0 0 0 0 0 0 0 0 0 0 0 0 0 0 0 0 0 0
0 0 0 0 0 0 0 0 0 0 0 0 0 0 0 0 0 0
0 0 0 0 0 0 0 0 0 0 0 0 0 0 0 0 0 0
0 0 0 0 0 0 0 0 0 0 0 0 0 0 0 0 0 0

0 0 0 0 0 0 0 0 0 0 0 0 0 0 0 0 0 0
0 0 0 0 0 0 0 0 0 0 0 0 0 0 0 0 0 0
0 0 0 0 0 0 0 0 0 0 0 0 0 0 0 0 0 0

0 0 0 0 0 0 0 0 0 0 0 0 0 0 0 0 0 0
0 0 0 0 0 0 0 0 0 0 0 0 0 0 0 0 0 0

0 0 0 0 0 0 0 0 0 0 0 0 0 0 0 0 0 0
