(*
pooled data based on Nijmeegs Monitoring Project, West-Friesland, ZODIAC Zwolle, SHL Breda
class cut-off points 7, 8.5%
 *)

#classes

3

class_prevalence_rates_males

div 1

.33 .33 .33 .33  0.33  0.33  0.54  0.5  0.44  0.45  0.45  0.47  0.48  0.47  0.46  0.43  0.42  0.41 
.33 .33 .33 .33  0.33  0.33  0.27  0.29  0.33  0.36  0.4  0.42  0.39  0.42  0.44  0.45  0.45  0.44 
.33 .33 .33 .33  0.33  0.33  0.19  0.21   0.23  0.2  0.15  0.11  0.13  0.11  0.11  0.12  0.13  0.15 

class_prevalence_rates_females

div 1

.33 .33 .33 0.33  .33  0.33  0.33  0.37  0.35  0.44  0.42  0.44  0.47  0.43  0.43  0.44  0.41  0.42 
.33 .33 .33 0.33  .33  .33  0.33  0.4  0.45  0.38  0.44  0.41  0.4  0.45  0.47  0.44  0.47  0.44 
.33 .33 .33 0.33  .33  .33  0.33  0.22  0.2  0.18  0.15  0.15  0.13  0.12  0.11  0.12  0.12  0.14

#transitions 6

1 2
1 3
2 3

2 1
3 1
3 2

class_transition_rates_males

div 1

.305 .305 .305 .305 .305 .305 .305 .305 .305 .305 .305 .305 .305 .305 .305 .305 .305 .305
.063 .063 .063 .063 .063 .063 .063 .063 .063 .063 .063 .063 .063 .063 .063 .063 .063 .063
.147 .147 .147 .147 .147 .147 .147 .147 .147 .147 .147 .147 .147 .147 .147 .147 .147 .147

.307 .307 .307 .307 .307 .307 .307 .307 .307 .307 .307 .307 .307 .307 .307 .307 .307 .307
.120 .120 .120 .120 .120 .120 .120 .120 .120 .120 .120 .120 .120 .120 .120 .120 .120 .120
.440 .440 .440 .440 .440 .440 .440 .440 .440 .440 .440 .440 .440 .440 .440 .440 .440 .440

class_transition_rates_females

div 1

.310 .310 .310 .310 .310 .310 .310 .310 .310 .310 .310 .310 .310 .310 .310 .310 .310 .310
.073 .073 .073 .073 .073 .073 .073 .073 .073 .073 .073 .073 .073 .073 .073 .073 .073 .073
.212 .212 .212 .212 .212 .212 .212 .212 .212 .212 .212 .212 .212 .212 .212 .212 .212 .212

.272 .272 .272 .272 .272 .272 .272 .272 .272 .272 .272 .272 .272 .272 .272 .272 .272 .272
.124 .124 .124 .124 .124 .124 .124 .124 .124 .124 .124 .124 .124 .124 .124 .124 .124 .124
.469 .469 .469 .469 .469 .469 .469 .469 .469 .469 .469 .469 .469 .469 .469 .469 .469 .469

