(* *)

#classes

3

class_prevalence_rates_males(diabetics)

div 1

0.42 0.42 0.42 0.419 0.419 0.425 0.437 0.439 0.434 0.431 0.431 0.432 0.432 0.431 0.429 0.428 0.426 0.426 
0.442 0.442 0.442 0.443 0.443 0.439 0.432 0.431 0.435 0.439 0.441 0.441 0.44 0.44 0.442 0.443 0.444 0.444 
0.138 0.138 0.138 0.138 0.138 0.136 0.132 0.13 0.131 0.13 0.128 0.128 0.128 0.128 0.129 0.129 0.13 0.131 

class_prevalence_rates_females(diabetics)

div 1

0.372 0.372 0.372 0.373 0.372 0.373 0.373 0.374 0.375 0.379 0.381 0.382 0.383 0.381 0.38 0.38 0.379 0.38 
0.45 0.45 0.45 0.45 0.45 0.45 0.451 0.455 0.456 0.453 0.452 0.451 0.45 0.452 0.453 0.452 0.452 0.451 
0.177 0.177 0.177 0.177 0.177 0.177 0.176 0.172 0.169 0.167 0.167 0.166 0.166 0.167 0.167 0.168 0.168 0.169 

class_prevalence_rates_males(non-diabetics)

div 1

0.514 0.515 0.515 0.513 0.507 0.555 0.685 0.689 0.644 0.641 0.659 0.681 0.691 0.69 0.679 0.662 0.65 0.639 
0.209 0.209 0.209 0.209 0.211 0.196 0.156 0.16 0.186 0.207 0.226 0.23 0.218 0.226 0.238 0.247 0.248 0.244 
0.277 0.276 0.276 0.278 0.282 0.249 0.159 0.151 0.17 0.152 0.115 0.09 0.09 0.085 0.083 0.091 0.101 0.117 

class_prevalence_rates_females(non-diabetics)

div 1

0.515 0.515 0.515 0.515 0.515 0.514 0.525 0.555 0.571 0.622 0.633 0.652 0.673 0.66 0.658 0.665 0.653 0.654 
0.209 0.209 0.209 0.209 0.208 0.207 0.214 0.249 0.266 0.239 0.246 0.235 0.228 0.249 0.255 0.246 0.252 0.238  
0.276 0.276 0.276 0.276 0.277 0.28 0.261 0.196 0.162 0.139 0.121 0.112 0.1 0.091 0.087 0.089 0.095 0.107 

#transitions 6

1 2
1 3
2 3

2 1
3 1
3 2

class_transition_rates_males

div 1

.305 .305 .305 .305 .305 .305 .305 .305 .305 .305 .305 .305 .305 .305 .305 .305 .305 .305
.063 .063 .063 .063 .063 .063 .063 .063 .063 .063 .063 .063 .063 .063 .063 .063 .063 .063
.147 .147 .147 .147 .147 .147 .147 .147 .147 .147 .147 .147 .147 .147 .147 .147 .147 .147

.307 .307 .307 .307 .307 .307 .307 .307 .307 .307 .307 .307 .307 .307 .307 .307 .307 .307
.120 .120 .120 .120 .120 .120 .120 .120 .120 .120 .120 .120 .120 .120 .120 .120 .120 .120
.440 .440 .440 .440 .440 .440 .440 .440 .440 .440 .440 .440 .440 .440 .440 .440 .440 .440

class_transition_rates_females

div 1

.310 .310 .310 .310 .310 .310 .310 .310 .310 .310 .310 .310 .310 .310 .310 .310 .310 .310
.073 .073 .073 .073 .073 .073 .073 .073 .073 .073 .073 .073 .073 .073 .073 .073 .073 .073
.212 .212 .212 .212 .212 .212 .212 .212 .212 .212 .212 .212 .212 .212 .212 .212 .212 .212

.272 .272 .272 .272 .272 .272 .272 .272 .272 .272 .272 .272 .272 .272 .272 .272 .272 .272
.124 .124 .124 .124 .124 .124 .124 .124 .124 .124 .124 .124 .124 .124 .124 .124 .124 .124
.469 .469 .469 .469 .469 .469 .469 .469 .469 .469 .469 .469 .469 .469 .469 .469 .469 .469

