(* pooled data based on Nijmeegs Monitoring Project  West-Friesland  ZODIAC Zwolle  SHL Breda

RRs per unit change *)

mean_value_males(diabetics)

7.3  7.42  7.24  7.53  7.78  7.86  7.84  7.84  7.92  8.04  8.17  8.33  8.51 8.72  8.91  9.03  9.06  8.99

standard_deviation_males(diabetics)

0.000 0.000 0.000 0.000 0.000 0.000 0.000 0.000 0.000 0.000 0.000 0.000 0.000 0.000 0.000 0.000 0.000 0.000 

mean_value_females(diabetics)

7.3  7.67  7.19  7.43  7.65  7.89  8.13  8.27  8.33  8.38  8.48  8.59  8.66  8.72  8.83  8.96  9.05  9.04

standard_deviation_females(diabetics)

0.000 0.000 0.000 0.000 0.000 0.000 0.000 0.000 0.000 0.000 0.000 0.000 0.000 0.000 0.000 0.000 0.000 0.000 

mean_value_males(non_diabetics)

6.8 6.8 6.8 6.8 6.8 6.8 6.8 6.8 6.8 6.8 6.8 6.8 6.8 6.8 6.8 6.8 6.8 6.8 

standard_deviation_males(non_iabetics)

0.000 0.000 0.000 0.000 0.000 0.000 0.000 0.000 0.000 0.000 0.000 0.000 0.000 0.000 0.000 0.000 0.000 0.000 

mean_value_females(non_diabetics)

6.8 6.8 6.8 6.8 6.8 6.8 6.8 6.8 6.8 6.8 6.8 6.8 6.8 6.8 6.8 6.8 6.8 6.8 

standard_deviation_females(non_diabetics)

0.000 0.000 0.000 0.000 0.000 0.000 0.000 0.000 0.000 0.000 0.000 0.000 0.000 0.000 0.000 0.000 0.000 0.000 

all_cause_mortality_risk_men

1.000 1.000 1.000 1.000 1.000 1.000 1.000 1.000 1.000 1.000 1.000 1.000 1.000 1.000 1.000 1.000 1.000 1.000

all_cause_mortality_risk_women

1.000 1.000 1.000 1.000 1.000 1.000 1.000 1.000 1.000 1.000 1.000 1.000 1.000 1.000 1.000 1.000 1.000 1.000

AMI_incidence_men

1.156 1.156 1.156 1.156 1.156 1.156 1.156 1.156 1.156 1.156 1.156 1.156 1.156 1.156 1.156 1.156 1.156 1.156

AMI_incidence_women

1.156 1.156 1.156 1.156 1.156 1.156 1.156 1.156 1.156 1.156 1.156 1.156 1.156 1.156 1.156 1.156 1.156 1.156

other_CHD_incidence_men

1.156 1.156 1.156 1.156 1.156 1.156 1.156 1.156 1.156 1.156 1.156 1.156 1.156 1.156 1.156 1.156 1.156 1.156

other_CHD_incidence_women

1.156 1.156 1.156 1.156 1.156 1.156 1.156 1.156 1.156 1.156 1.156 1.156 1.156 1.156 1.156 1.156 1.156 1.156

CVA_incidence_men

1.136 1.136 1.136 1.136 1.136 1.136 1.136 1.136 1.136 1.136 1.136 1.136 1.136 1.136 1.136 1.136 1.136 1.136

CVA_incidence_women

1.136 1.136 1.136 1.136 1.136 1.136 1.136 1.136 1.136 1.136 1.136 1.136 1.136 1.136 1.136 1.136 1.136 1.136
