(* 2001-2003 CBS physical activity prevalence rates 
specified by gender within gender by class norm-active medium active inactive 
specified by 1 year ageclass rest class 85+

class transition rates derived from class prevalence rates 
specified by gender within gender by direction (columns) first onwards then backwards 
specified by 1 year ageclass rest class 85+ *)

#classes 3

prevalence_rates_males

div 100

29.4  29.4  29.4  29.4  29.4  29.4  29.4  29.4  29.4  29.4  29.4  29.4   
29.4  29.4  30.6  31.7  32.8  33.5  34.  42.9  43.6  44.8  46.1  47.3  48.3   
49.1  49.5  49.7  49.6  49.4  49.1  48.7  48.4  48.  47.8  47.6  47.5  47.5   
47.5  47.5  47.6  47.6  47.5  47.3  46.9  46.3  45.7  45.1  44.5  43.9  43.5   
43.1  42.8  42.6  42.4  42.3  70.1  70.4  71.  71.9  73.  74.2  75.1  75.7   
75.9  75.8  75.4  74.9  74.2  73.6  72.8  72.1  71.3  70.4  69.4  68.2  66.8   
65.2  63.3  61.2  58.8  56.2  53.7  51.3  49.1  40.3

53.8  53.8  53.8  53.8  53.8  53.8  53.8  53.8  53.8  53.8  53.8  53.8   
53.8  53.8  52.4  50.9  49.6  48.6  48.1  42.9  42.6  42.1  41.6  41.1  40.8   
40.6  40.6  40.8  41.1  41.6  42.3  42.9  43.5  43.8  44.  44.1  43.9  43.7   
43.5  43.3  43.1  43.1  43.1  43.4  43.8  44.3  44.8  45.2  45.5  45.5  45.3   
45.  44.6  44.3  44.1  44.  22.8  22.5  21.9  21.  20.  18.8  17.8  17.   
16.4  16.  15.9  15.9  15.9  16.  16.1  16.2  16.2  16.2  16.1  16.1  16.1   
16.3  16.8  17.5  18.5  19.8  21.  22.2  23.4  27.2 

16.8  16.8  16.8  16.8  16.8  16.8  16.8  16.8  16.8  16.8  16.8  16.8   
16.8  16.8  17.1  17.4  17.6  17.8  17.9  14.2  13.8  13.1  12.3  11.5  10.9   
10.3  9.9  9.6  9.2  8.9  8.6  8.3  8.2  8.1  8.2  8.3  8.6  8.8  9.  9.2   
9.3  9.3  9.4  9.3  9.3  9.4  9.5  9.7  10.1  10.6  11.2  11.9  12.6  13.1   
13.5  13.7  7.1  7.1  7.1  7.  7.  7.  7.1  7.3  7.7  8.1  8.7  9.3  9.8   
10.4  11.  11.7  12.5  13.4  14.4  15.7  17.1  18.5  19.9  21.3  22.7  24.1   
25.3  26.5  27.5  32.5 

prevalence_rates_females

div 100

23.3  23.3  23.3  23.3  23.3  23.3  23.3  23.3  23.3  23.3  23.3  23.3   
23.3  23.3  24.1  24.9  25.6  26.1  26.3  37.5  38.5  40.3  42.3  44.2  45.9   
47.3  48.4  49.2  49.8  50.2  50.6  51.1  51.6  52.2  52.9  53.7  54.6  55.4   
56.1  56.5  56.8  56.9  56.8  56.6  56.3  55.9  55.5  55.2  54.9  54.8  54.9   
55.  55.1  55.2  55.4  55.4  69.5  69.7  70.1  70.6  71.2  71.8  72.2  72.4   
72.1  71.5  70.6  69.3  67.9  66.1  64.1  61.9  59.5  57.  54.4  51.6  48.6   
45.6  42.6  39.6  36.5  33.4  30.5  27.9  25.5  15.8 

47.2  47.2  47.2  47.2  47.2  47.2  47.2  47.2  47.2  47.2  47.2  47.2   
47.2  47.2  46.8  46.4  46.  45.8  45.6  42.9  42.8  42.7  42.6  42.6  42.8   
43.2  43.6  44.  44.3  44.5  44.5  44.4  44.  43.4  42.6  41.6  40.5  39.4   
38.5  37.6  37.  36.5  36.1  35.9  35.9  35.9  36.  36.2  36.3  36.5  36.5   
36.6  36.6  36.7  36.7  36.7  22.6  22.4  22.  21.4  20.6  19.8  19.2  18.7   
18.5  18.5  18.8  19.2  19.8  20.6  21.5  22.5  23.4  24.2  24.9  25.5  25.9   
26.2  26.4  26.4  26.3  26.1  25.8  25.6  25.4  21.0 

29.5  29.5  29.5  29.5  29.5  29.5  29.5  29.5  29.5  29.5  29.5  29.5   
29.5  29.5  29.1  28.7  28.4  28.1  28.  19.6  18.7  17.  15.1  13.1  11.3   
9.5  8.  6.8  5.9  5.3  4.8  4.6  4.4  4.4  4.5  4.7  4.9  5.2  5.5  5.8   
6.2  6.6  7.1  7.5  7.8  8.2  8.4  8.6  8.7  8.7  8.6  8.4  8.2  8.1  8.   
7.9  7.9  7.9  7.9  8.  8.1  8.3  8.6  8.9  9.4  10.  10.7  11.4  12.3  13.2   
14.3  15.6  17.1  18.7  20.7  22.9  25.5  28.2  31.  34.  37.2  40.5  43.6   
46.5  49.1  63.1 

#transitions 6

1 2
1 3

2 3

2 1
3 1

3 2

transition_rates_males

div 100

0  0  0  0  0  0  0  0  0  0  0  0  0  0  0  0  0  0  0  0  0  0  0  0  0   
0  0  0.1  0.4  0.6  0.8  0.8  0.7  0.5  0.4  0.2  0.1  0  0  0  0  0.2  0.5   
0.8  1.1  1.4  1.4  1.3  1.2  1.1  0.9  0.7  0.5  0.3  0.2  0  0  0  0  0  0   
0  0  0  0.2  0.6  0.8  0.9  1.  1.1  1.2  1.2  1.4  1.6  1.9  2.3  2.7  3.2   
3.8  4.4  5.  5.2  5.2  5.3  5.5  5.5 

0 0 0 0 0 0 0 0 0 0 0 0 0 0 0 0 0
0 0 0 0 0 0 0 0 0 0 0 0 0 0 0 0 0
0 0 0 0 0 0 0 0 0 0 0 0 0 0 0 0 0
0 0 0 0 0 0 0 0 0 0 0 0 0 0 0 0 0
0 0 0 0 0 0 0 0 0 0 0 0 0 0 0 0 0 0

0  0  0  0  0  0  0  0  0  0  0  0  0  0.6  0.6  0.5  0.4  0.2  0  0  0  0   
0  0  0  0  0  0  0  0  0  0  0  0.1  0.4  0.5  0.6  0.5  0.4  0.2  0.1  0   
0  0  0.1  0.2  0.5  0.8  1.1  1.4  1.6  1.5  1.2  0.8  0.4  0  0  0  0  0   
0.2  0.6  1.3  2.2  3.  3.7  3.9  3.9  4.  4.2  4.7  5.3  6.2  7.4  8.7  9.8   
10.1  10.1  10.  9.8  9.4  8.6  7.8  7.3  7.1  7.1 

0  0  0  0  0  0  0  0  0  0  0  0  0  2.2  2.2  2.  1.6  0.8  18.5  1.6   
2.8  3.2  3.  2.4  1.8  1.1  0.4  0  0  0  0  0  0  0  0  0  0  0  0.1  0.1   
0  0  0  0  0  0  0  0  0  0  0  0  0  0  0  63.  1.4  2.8  4.  5.1  5.6   
4.9  3.3  1.2  0  0  0  0  0  0  0  0  0  0  0  0  0  0  0  0  0  0  0  0  0 
0 

0 0 0 0 0 0 0 0 0 0 0 0 0 0 0 0 0
0 0 0 0 0 0 0 0 0 0 0 0 0 0 0 0 0
0 0 0 0 0 0 0 0 0 0 0 0 0 0 0 0 0
0 0 0 0 0 0 0 0 0 0 0 0 0 0 0 0 0
0 0 0 0 0 0 0 0 0 0 0 0 0 0 0 0 0 0

0  0  0  0  0  0  0  0  0  0  0  0  0  0  0  0  0  0  20.7  2.9  5.2  6.1   
6.2  5.7  4.9  4.1  3.6  3.4  3.4  3.4  3.1  2.2  0.8  0  0  0  0  0  0  0   
0  0  0.1  0  0  0  0  0  0  0  0  0  0  0  0  47.8  0.2  0.4  0.5  0.2  0   
0  0  0  0  0  0  0  0  0  0  0  0  0  0  0  0  0  0  0  0  0  0  0  0  0 


transition_rates_females

div 100

0  0  0  0  0  0  0  0  0  0  0  0  0  0  0  0  0  0  0  0  0  0  0  0  0   
0  0  0  0  0  0  0  0  0  0  0  0  0  0  0  0  0.1  0.4  0.6  0.7  0.7  0.6   
0.4  0.2  0  0  0  0  0  0  0  0  0  0  0  0  0  0  0.3  0.9  1.4  1.8  2.2   
2.6  3.1  3.6  3.9  4.3  4.7  5.3  6.  6.4  6.9  7.5  8.2  9.  9.3  9.5  9.8   
10.5  10.5 

0 0 0 0 0 0 0 0 0 0 0 0 0 0 0 0 0
0 0 0 0 0 0 0 0 0 0 0 0 0 0 0 0 0
0 0 0 0 0 0 0 0 0 0 0 0 0 0 0 0 0
0 0 0 0 0 0 0 0 0 0 0 0 0 0 0 0 0
0 0 0 0 0 0 0 0 0 0 0 0 0 0 0 0 0 0

0  0  0  0  0  0  0  0  0  0  0  0  0  0  0  0  0  0  0  0  0  0  0  0  0   
0  0  0  0  0  0  0  0  0.2  0.4  0.5  0.7  0.8  0.9  1.  1.1  1.1  1.1  1.   
0.9  0.8  0.5  0.2  0  0  0  0  0  0  0  0  0.1  0.2  0.4  0.6  0.9  1.3   
1.9  2.5  3.2  3.9  4.2  4.5  5.  5.6  6.2  6.7  7.4  8.3  9.4  10.5  11.   
11.5  12.2  13.1  13.6  13.2  12.6  12.2  12.3  12.3 

0  0  0  0  0  0  0  0  0  0  0  0  0  1.7  1.6  1.5  1.1  0.6  24.4  2.4   
4.2  4.7  4.5  4.  3.2  2.5  1.8  1.3  1.  0.9  1.  1.1  1.4  1.7  2.  2.1   
2.  1.6  1.2  0.7  0.3  0  0  0  0  0  0  0  0  0.1  0.3  0.4  0.4  0.3  0.1   
38.5  0.8  1.7  2.4  2.8  2.8  2.  0.6  0  0  0  0  0  0  0  0  0  0  0  0   
0  0  0  0  0  0  0  0  0  0  0 

0 0 0 0 0 0 0 0 0 0 0 0 0 0 0 0 0
0 0 0 0 0 0 0 0 0 0 0 0 0 0 0 0 0
0 0 0 0 0 0 0 0 0 0 0 0 0 0 0 0 0
0 0 0 0 0 0 0 0 0 0 0 0 0 0 0 0 0
0 0 0 0 0 0 0 0 0 0 0 0 0 0 0 0 0 0

0  0  0  0  0  0  0  0  0  0  0  0  0  1.3  1.3  1.2  0.9  0.5  30.1  4.7   
8.7  11.3  13.  14.3  15.2  15.7  15.1  13.4  11.1  8.3  5.5  2.6  0.1  0  0   
0  0  0  0  0  0  0  0  0  0  0  0  0  0.2  1.2  1.9  2.1  1.8  1.3  0.7   
0.4  0  0  0  0  0  0  0  0  0  0  0  0  0  0  0  0  0  0  0  0  0  0  0  0   
0  0  0  0  0  0 

