(* osteoporosis data CMR Nijmegen trend W .075
specified by gender and 5-year ageclass

	incidence 
	prevalence
	remission
	case fatality	
	excess mortality
	case-specific mortality

Source: DisMod 2000 *)

osteoporosis_incidence_rates_males&females

div 1000

0.0822265 0.0860308 0.0941367 0.106949 0.12511 0.149525 0.181417 0.22238 0.274462 0.340267 0.423085 0.527058 0.657383 0.820578 0.990194 0.922854 0.838211 0.791928
0.336019 0.351565 0.38469 0.43705 0.511261 0.611036 0.741363 0.908758 1.12159 1.38598 1.68219 2.05203 2.49749 2.95557 3.24023 3.44935 3.46211 3.32175

osteoporosis_prevalence_rates_males&females

div 1000

0.877816 0.91843 1.00497 1.14175 1.33562 1.59627 1.93674 2.37404 2.93004 3.63255 4.51668 5.62665 7.01795 8.75705 10.8815 13.3153 16.2436 19.3374
1.97996 2.07156 2.26675 2.57527 3.01255 3.59915 4.35477 5.32571 6.56294 8.12832 10.0978 12.553 15.6242 19.3853 23.7234 27.9375 32.1968 35.4174

osteoporosis_remission_rates_males&females

div 1

0.0798503 0.0757506 0.070292 0.0649286 0.0602925 0.0565683 0.0537126 0.0515812 0.0499966 0.048775 0.0477252 0.0466243 0.0451649 0.042852 0.0386473 0.0316662 0.025446 0.022497
0.079908 0.0755253 0.0697045 0.0640097 0.0591332 0.0552974 0.0523283 0.0498727 0.0476001 0.0450508 0.0418484 0.0381782 0.0339816 0.0290335 0.0236805 0.0186967 0.0147511 0.0126866

osteoporosis_case_fatality_rates_males&females

div 100

0 0 0 0 0 0 0 0 0 0 0 0 0 0 0 0 0 0
0 0 0 0 0 0 0 0 0 0 0 0 0 0 0 0 0 0

osteoporosis_excess_mortality_rates_males&females

div 100

0 0 0 0 0 0 0 0 0 0 0 0 0 0 0 0 0 0
0 0 0 0 0 0 0 0 0 0 0 0 0 0 0 0 0 0

osteoporosis_CBS_cause_specific_mortality_numbers_males&females

div 100

0 0 0 0 0 0 0 0 0 0 0 0 0 0 0 0 0 0
0 0 0 0 0 0 0 0 0 0 0 0 0 0 0 0 0 0




