(* empirical risk factor class distributions within patients = persons with disease *)

#pairs			2

(* cholesterol within diabetics *)

cholesterol		3
diabetes		7

class_prevalence_rates_males

div 100

0.0	0.0	0.0	0.0	0.0	0.0	0.0	13.5	0.0	1.7	2.4	1.3	2.0	2.1	1.0	0.7	0.7	0.7
0.0	0.0	0.0	0.0	0.0	0.0	17.0	0.0	9.2	8.4	14.6	14.1	11.0	14.1	7.2	8.6	3.3	1.3
0.0	0.0	0.0	0.0	0.0	0.0	0.0	0.0	3.1	8.4	9.9	14.1	11.5	12.6	13.0	7.5	4.6	1.9
0.0	0.0	0.0	0.0	0.0	0.0	0.0	0.0	6.2	8.4	5.7	3.8	9.0	5.0	6.6	3.9	2.0	0.7
82.9	82.9	82.9	82.9	82.9	66.6	35.6	24.9	20.0	17.8	12.0	14.3	14.0	14.0	14.8	25.0	28.5	35.6
15.8	15.8	15.8	15.8	15.8	30.8	40.0	47.1	47.4	36.5	40.0	37.3	38.3	37.3	39.2	44.2	45.4	48.6
1.2	1.2	1.2	1.2	1.2	2.1	6.8	14.0	12.8	17.2	14.6	14.2	12.8	13.0	14.8	8.8	14.6	8.7
0.1	0.1	0.1	0.1	0.1	0.5	0.7	0.4	1.2	1.7	1.0	0.9	1.4	1.8	3.4	1.3	0.9	2.5

class_prevalence_rates_females

div 100

0.0	0.0	0.0	0.0	0.0	0.0	0.0	11.1	0.0	0.0	0.0	2.2	0.0	1.1	0.7	0.0	0.7	0.0
0.0	0.0	0.0	0.0	0.0	0.0	0.0	0.0	5.3	13.7	6.3	7.4	5.8	8.1	4.8	5.3	1.7	0.0
0.0	0.0	0.0	0.0	0.0	0.0	0.0	0.0	1.5	5.5	7.7	17.0	16.6	13.8	11.3	7.0	5.0	1.9
0.0	0.0	0.0	0.0	0.0	0.0	0.0	0.0	3.8	0.0	4.9	2.2	7.0	11.3	11.3	8.6	2.3	0.5
69.7	69.7	69.7	69.7	69.7	65.1	49.1	44.5	36.4	22.7	13.1	6.5	8.3	4.9	6.7	7.9	9.4	23.7
27.4	27.4	27.4	27.4	27.4	32.2	45.0	37.9	46.1	45.4	45.6	39.1	37.0	33.7	38.1	45.7	52.1	50.7
2.9	2.9	2.9	2.9	2.9	2.6	5.8	6.5	6.2	11.4	19.8	20.9	22.2	22.4	22.1	20.3	24.2	21.5
0.0	0.0	0.0	0.0	0.0	0.1	0.0	0.0	0.7	1.2	2.6	4.7	3.1	4.7	5.1	5.2	4.7	1.7

(* systolic blood pressure within diabetics *)

systolic_blood_pressure	2
diabetes		7

class_prevalence_rates_males

div 100

0.0	0.0	0.1	0.2	0.1	0.4	0.2	0.5	0.4	0.7	0.3	1.8	1.3	0.8	1.2	0.5	3.0	4.4
0.0	0.3	0.3	0.9	1.1	2.0	3.3	4.2	4.3	5.6	6.5	5.9	10.3	8.7	9.9	11.2	9.7	16.5
0.1	0.1	0.6	1.0	2.7	4.3	6.8	5.1	10.0	10.1	12.9	14.9	12.6	20.4	17.7	22.0	24.3	18.7
0.0	0.1	0.1	0.3	0.8	2.3	3.6	8.4	9.8	14.8	15.3	17.1	20.7	20.1	26.1	26.2	27.9	25.3
50.1	51.7	47.1	46.3	37.6	28.5	23.8	14.5	7.1	4.7	3.2	3.7	9.8	4.7	3.1	2.0	2.1	2.4
43.7	41.8	43.0	42.4	43.0	44.1	40.2	34.8	23.8	20.0	16.3	10.6	23.5	15.8	13.1	10.1	6.2	7.7
5.9	5.3	8.0	8.3	11.9	14.8	16.8	22.9	27.1	22.7	24.6	27.2	15.4	18.0	14.9	15.2	15.9	14.0
0.1	0.8	0.9	0.7	2.9	3.6	5.3	9.9	17.6	21.3	20.9	18.7	6.7	11.7	13.9	12.9	10.9	10.9

class_prevalence_rates_females

div 100

0.1	0.1	0.1	0.4	0.3	0.2	0.7	0.7	1.2	1.1	1.0	1.9	1.7	2.6	1.9	1.6	2.9	4.9
0.5	0.4	0.8	1.2	2.7	3.7	4.8	5.5	5.6	5.7	5.4	6.1	14.1	12.0	10.0	8.8	9.4	14.0
0.2	0.3	0.6	1.4	2.5	4.8	6.1	7.1	9.9	12.6	16.1	17.6	18.3	21.1	22.4	26.0	27.1	23.2
0.0	0.1	0.1	0.4	0.9	1.9	3.7	6.6	9.7	15.2	18.5	20.6	17.1	20.5	26.8	29.8	31.8	34.1
81.1	80.2	72.9	66.5	53.4	41.7	32.4	19.0	10.0	5.4	3.7	3.9	11.6	6.0	3.2	2.1	2.1	1.6
17.0	17.5	22.3	24.9	30.9	35.0	36.0	33.8	28.1	16.6	14.0	11.5	20.6	16.7	9.9	8.0	6.2	5.4
0.9	1.1	2.9	4.4	7.6	9.8	12.5	19.2	21.1	22.8	22.7	19.5	11.7	12.6	13.5	13.0	10.5	7.9
0.2	0.2	0.3	0.9	1.7	2.9	3.9	8.2	14.4	20.6	18.8	18.9	5.0	8.6	12.3	10.8	10.1	8.8
