(* RR's for all cause mortality and incidence of CHD, CVA,
and cancer of oesophagus, breast, larynx, and oral cavity
specified by gender,
the four alcohol classes,
and 5-year ageclass

Source: d'Arcy 1996 *)

#event-types	8

all_cause_mortality		0

males

1 1 1 1 1 1 1 1 1 1 1 1 1 1 1 1 1 1
0.91 0.91 0.91 0.91 0.91 0.91 0.91 0.91 0.91 0.91 0.91 0.91 0.91 0.91 0.91 0.91 0.91 0.91
1.15 1.15 1.15 1.15 1.15 1.15 1.15 1.15 1.15 1.15 1.15 1.15 1.15 1.15 1.15 1.15 1.15 1.15
1.35 1.35 1.35 1.35 1.35 1.35 1.35 1.35 1.35 1.35 1.35 1.35 1.35 1.35 1.35 1.35 1.35 1.35

females

1 1 1 1 1 1 1 1 1 1 1 1 1 1 1 1 1 1
0.96 0.96 0.96 0.96 0.96 0.96 0.96 0.96 0.96 0.96 0.96 0.96 0.96 0.96 0.96 0.96 0.96 0.96
1.35 1.35 1.35 1.35 1.35 1.35 1.35 1.35 1.35 1.35 1.35 1.35 1.35 1.35 1.35 1.35 1.35 1.35
1.49 1.49 1.49 1.49 1.49 1.49 1.49 1.49 1.49 1.49 1.49 1.49 1.49 1.49 1.49 1.49 1.49 1.49

AMI_incidence			1

males

1 1 1 1 1 1 1 1 1 1 1 1 1 1 1 1 1 1
0.82 0.82 0.82 0.82 0.82 0.82 0.82 0.82 0.82 0.82 0.82 0.82 0.82 0.82 0.82 0.82 0.82 0.82
0.84 0.84 0.84 0.84 0.84 0.84 0.84 0.84 0.84 0.84 0.84 0.84 0.84 0.84 0.84 0.84 0.84 0.84
0.88 0.88 0.88 0.88 0.88 0.88 0.88 0.88 0.88 0.88 0.88 0.88 0.88 0.88 0.88 0.88 0.88 0.88

females

1 1 1 1 1 1 1 1 1 1 1 1 1 1 1 1 1 1
0.82 0.82 0.82 0.82 0.82 0.82 0.82 0.82 0.82 0.82 0.82 0.82 0.82 0.82 0.82 0.82 0.82 0.82
0.84 0.84 0.84 0.84 0.84 0.84 0.84 0.84 0.84 0.84 0.84 0.84 0.84 0.84 0.84 0.84 0.84 0.84
0.88 0.88 0.88 0.88 0.88 0.88 0.88 0.88 0.88 0.88 0.88 0.88 0.88 0.88 0.88 0.88 0.88 0.88

other_CHD_incidence		2

males

1 1 1 1 1 1 1 1 1 1 1 1 1 1 1 1 1 1
0.82 0.82 0.82 0.82 0.82 0.82 0.82 0.82 0.82 0.82 0.82 0.82 0.82 0.82 0.82 0.82 0.82 0.82
0.84 0.84 0.84 0.84 0.84 0.84 0.84 0.84 0.84 0.84 0.84 0.84 0.84 0.84 0.84 0.84 0.84 0.84
0.88 0.88 0.88 0.88 0.88 0.88 0.88 0.88 0.88 0.88 0.88 0.88 0.88 0.88 0.88 0.88 0.88 0.88

females

1 1 1 1 1 1 1 1 1 1 1 1 1 1 1 1 1 1
0.82 0.82 0.82 0.82 0.82 0.82 0.82 0.82 0.82 0.82 0.82 0.82 0.82 0.82 0.82 0.82 0.82 0.82
0.84 0.84 0.84 0.84 0.84 0.84 0.84 0.84 0.84 0.84 0.84 0.84 0.84 0.84 0.84 0.84 0.84 0.84
0.88 0.88 0.88 0.88 0.88 0.88 0.88 0.88 0.88 0.88 0.88 0.88 0.88 0.88 0.88 0.88 0.88 0.88

CVA_incidence			4

males

1 1 1 1 1 1 1 1 1 1 1 1 1 1 1 1 1 1
0.6 0.6 0.6 0.6 0.6 0.6 0.6 0.6 0.6 0.6 0.6 0.6 0.6 0.6 0.6 0.6 0.6 0.6
0.92 0.92 0.92 0.92 0.92 0.92 0.92 0.92 0.92 0.92 0.92 0.92 0.92 0.92 0.92 0.92 0.92 0.92
1.79 1.79 1.79 1.79 1.79 1.79 1.79 1.79 1.79 1.79 1.79 1.79 1.79 1.79 1.79 1.79 1.79 1.79

females

1 1 1 1 1 1 1 1 1 1 1 1 1 1 1 1 1 1
0.58 0.58 0.58 0.58 0.58 0.58 0.58 0.58 0.58 0.58 0.58 0.58 0.58 0.58 0.58 0.58 0.58 0.58
0.48 0.48 0.48 0.48 0.48 0.48 0.48 0.48 0.48 0.48 0.48 0.48 0.48 0.48 0.48 0.48 0.48 0.48
7.96 7.96 7.96 7.96 7.96 7.96 7.96 7.96 7.96 7.96 7.96 7.96 7.96 7.96 7.96 7.96 7.96 7.96

oesophagus_cancer_incidence	18

males

1 1 1 1 1 1 1 1 1 1 1 1 1 1 1 1 1 1
1.8 1.8 1.8 1.8 1.8 1.8 1.8 1.8 1.8 1.8 1.8 1.8 1.8 1.8 1.8 1.8 1.8 1.8
2.37 2.37 2.37 2.37 2.37 2.37 2.37 2.37 2.37 2.37 2.37 2.37 2.37 2.37 2.37 2.37 2.37 2.37
4.26 4.26 4.26 4.26 4.26 4.26 4.26 4.26 4.26 4.26 4.26 4.26 4.26 4.26 4.26 4.26 4.26 4.26

females

1 1 1 1 1 1 1 1 1 1 1 1 1 1 1 1 1 1
1.8 1.8 1.8 1.8 1.8 1.8 1.8 1.8 1.8 1.8 1.8 1.8 1.8 1.8 1.8 1.8 1.8 1.8
2.37 2.37 2.37 2.37 2.37 2.37 2.37 2.37 2.37 2.37 2.37 2.37 2.37 2.37 2.37 2.37 2.37 2.37
4.26 4.26 4.26 4.26 4.26 4.26 4.26 4.26 4.26 4.26 4.26 4.26 4.26 4.26 4.26 4.26 4.26 4.26

breast_cancer_incidence		19

males

1 1 1 1 1 1 1 1 1 1 1 1 1 1 1 1 1 1
1 1 1 1 1 1 1 1 1 1 1 1 1 1 1 1 1 1
1 1 1 1 1 1 1 1 1 1 1 1 1 1 1 1 1 1
1 1 1 1 1 1 1 1 1 1 1 1 1 1 1 1 1 1

females

1 1 1 1 1 1 1 1 1 1 1 1 1 1 1 1 1 1
1.09 1.09 1.09 1.09 1.09 1.09 1.09 1.09 1.09 1.09 1.09 1.09 1.09 1.09 1.09 1.09 1.09 1.09
1.31 1.31 1.31 1.31 1.31 1.31 1.31 1.31 1.31 1.31 1.31 1.31 1.31 1.31 1.31 1.31 1.31 1.31
1.68 1.68 1.68 1.68 1.68 1.68 1.68 1.68 1.68 1.68 1.68 1.68 1.68 1.68 1.68 1.68 1.68 1.68

larynx_cancer_incidence		21

males

1 1 1 1 1 1 1 1 1 1 1 1 1 1 1 1 1 1
1.83 1.83 1.83 1.83 1.83 1.83 1.83 1.83 1.83 1.83 1.83 1.83 1.83 1.83 1.83 1.83 1.83 1.83
3.9 3.9 3.9 3.9 3.9 3.9 3.9 3.9 3.9 3.9 3.9 3.9 3.9 3.9 3.9 3.9 3.9 3.9
4.93 4.93 4.93 4.93 4.93 4.93 4.93 4.93 4.93 4.93 4.93 4.93 4.93 4.93 4.93 4.93 4.93 4.93

females

1 1 1 1 1 1 1 1 1 1 1 1 1 1 1 1 1 1
1.83 1.83 1.83 1.83 1.83 1.83 1.83 1.83 1.83 1.83 1.83 1.83 1.83 1.83 1.83 1.83 1.83 1.83
3.9 3.9 3.9 3.9 3.9 3.9 3.9 3.9 3.9 3.9 3.9 3.9 3.9 3.9 3.9 3.9 3.9 3.9
4.93 4.93 4.93 4.93 4.93 4.93 4.93 4.93 4.93 4.93 4.93 4.93 4.93 4.93 4.93 4.93 4.93 4.93

oral_cavity_cancer_incidence	25

males

1 1 1 1 1 1 1 1 1 1 1 1 1 1 1 1 1 1
1.45 1.45 1.45 1.45 1.45 1.45 1.45 1.45 1.45 1.45 1.45 1.45 1.45 1.45 1.45 1.45 1.45 1.45
1.85 1.85 1.85 1.85 1.85 1.85 1.85 1.85 1.85 1.85 1.85 1.85 1.85 1.85 1.85 1.85 1.85 1.85
5.39 5.39 5.39 5.39 5.39 5.39 5.39 5.39 5.39 5.39 5.39 5.39 5.39 5.39 5.39 5.39 5.39 5.39

females

1 1 1 1 1 1 1 1 1 1 1 1 1 1 1 1 1 1
1.45 1.45 1.45 1.45 1.45 1.45 1.45 1.45 1.45 1.45 1.45 1.45 1.45 1.45 1.45 1.45 1.45 1.45
1.85 1.85 1.85 1.85 1.85 1.85 1.85 1.85 1.85 1.85 1.85 1.85 1.85 1.85 1.85 1.85 1.85 1.85
5.39 5.39 5.39 5.39 5.39 5.39 5.39 5.39 5.39 5.39 5.39 5.39 5.39 5.39 5.39 5.39 5.39 5.39

