(* RR's for all cause mortality CHD DM and arthrosis of knee&hip incidence 
cancer of colon breast prostate kidney endometrium
within event type specified by gender 
within gender by BMI-class (<25 <30 >=30 kg/m2) 
within BMI-class by 5-years ageclass rest ageclass 85+

Source: RR BMI report 2005 *)

#event-types	15

all_cause_mortality		0

males 

1. 1. 1. 1. 1. 1. 1. 1. 1. 1. 1. 1. 1. 1. 1. 1. 1. 1. 
1.09224 1.09224 1.09224 1.09224 1.09224 1.09224 1.09224 1.13496 1.16155 1.19229 1.2125 1.22224 1.19286 1.18441 1.15317 1.09365 1.04855 1.00773 
1.58816 1.58816 1.58816 1.58816 1.58816 1.58816 1.58816 1.80305 1.82804 1.91136 1.89937 1.81548 1.79072 1.57085 1.51551 1.37288 1.27535 1.17108 

females 

1. 1. 1. 1. 1. 1. 1. 1. 1. 1. 1. 1. 1. 1. 1. 1. 1. 1. 
1.06485 1.06485 1.06485 1.06485 1.06485 1.06485 1.06485 1.12747 1.17335 1.19567 1.22867 1.22915 1.2122 1.20717 1.16665 1.11447 1.06326 1.01962 
1.61061 1.61061 1.61061 1.61061 1.61061 1.61061 1.61061 1.88368 2.01834 1.98896 2.11753 2.01601 1.91943 1.75593 1.65153 1.48249 1.31962 1.20636 

AMI=CHD_incidence		1

males 

1 1 1 1 1 1 1. 1. 1. 1. 1. 1. 1. 1. 1. 1. 1. 1.
1.40908 1.40908 1.40908 1.40908 1.40908 1.40908 1.40908 1.40687 1.38242 1.34224 1.30911 1.26317 1.1946 1.17104 1.13271 1.09374 1.06346 1.02067
2.11729 2.11729 2.11729 2.11729 2.11729 2.11729 2.11729 2.24629 2.14993 2.03577 1.86935 1.67374 1.53863 1.3756 1.29653 1.20923 1.13386 1.04266

females 

1 1 1 1 1 1 1. 1. 1. 1. 1. 1. 1. 1. 1. 1. 1. 1.
1.47572 1.47572 1.47572 1.47572 1.47572 1.47572 1.47572 1.48519 1.46362 1.3977 1.35188 1.29485 1.21943 1.18861 1.14805 1.1037 1.06648 1.02164
2.30876 2.30876 2.30876 2.30876 2.30876 2.30876 2.30876 2.47167 2.43088 2.18543 2.05475 1.82663 1.61323 1.4556 1.3535 1.24048 1.14024 1.04461

other_CHD=CHD_incidence		2

males 

1 1 1 1 1 1 1. 1. 1. 1. 1. 1. 1. 1. 1. 1. 1. 1.
1.40908 1.40908 1.40908 1.40908 1.40908 1.40908 1.40908 1.40687 1.38242 1.34224 1.30911 1.26317 1.1946 1.17104 1.13271 1.09374 1.06346 1.02067
2.11729 2.11729 2.11729 2.11729 2.11729 2.11729 2.11729 2.24629 2.14993 2.03577 1.86935 1.67374 1.53863 1.3756 1.29653 1.20923 1.13386 1.04266

females 

1 1 1 1 1 1 1. 1. 1. 1. 1. 1. 1. 1. 1. 1. 1. 1.
1.47572 1.47572 1.47572 1.47572 1.47572 1.47572 1.47572 1.48519 1.46362 1.3977 1.35188 1.29485 1.21943 1.18861 1.14805 1.1037 1.06648 1.02164
2.30876 2.30876 2.30876 2.30876 2.30876 2.30876 2.30876 2.47167 2.43088 2.18543 2.05475 1.82663 1.61323 1.4556 1.3535 1.24048 1.14024 1.04461

CHF_incidence			3

males 

1. 1. 1. 1. 1. 1. 1. 1. 1. 1. 1. 1. 1. 1. 1. 1. 1. 1. 
1.19534 1.19534 1.19534 1.19534 1.19534 1.19534 1.19534 1.18851 1.18088 1.17478 1.17825 1.17837 1.16052 1.17713 1.18114 1.1827 1.21168 1.21168 
1.47741 1.47741 1.47741 1.47741 1.47741 1.47741 1.47741 1.50594 1.48138 1.47557 1.46371 1.43599 1.43442 1.39009 1.41471 1.42728 1.48003 1.48003 

females 

1. 1. 1. 1. 1. 1. 1. 1. 1. 1. 1. 1. 1. 1. 1. 1. 1. 1. 
1.22442 1.22442 1.22442 1.22442 1.22442 1.22442 1.22442 1.22153 1.21599 1.20111 1.20154 1.19905 1.18069 1.19538 1.20254 1.20295 1.22247 1.22247 
1.54548 1.54548 1.54548 1.54548 1.54548 1.54548 1.54548 1.58058 1.57779 1.53398 1.55047 1.52694 1.49243 1.47366 1.49837 1.49714 1.50617 1.50617 

CVA_incidence			4

males 

1 1 1 1 1 1 1. 1. 1. 1. 1. 1. 1. 1. 1. 1. 1. 1. 
1.08008 1.08008 1.08008 1.08008 1.08008 1.08008 1.08008 1.0893 1.09732 1.10276 1.11179 1.13192 1.13471 1.13548 1.0979 1.04372 1. 1. 
1.18354 1.18354 1.18354 1.18354 1.18354 1.18354 1.18354 1.22479 1.24548 1.26648 1.27907 1.31414 1.35834 1.29254 1.21488 1.09497 1. 1.

females 

1 1 1 1 1 1 1. 1. 1. 1. 1. 1. 1. 1. 1. 1. 1. 1. 
1.09135 1.09135 1.09135 1.09135 1.09135 1.09135 1.09135 1.10418 1.11543 1.1177 1.12594 1.14688 1.15143 1.14917 1.10902 1.04825 1. 1. 
1.20678 1.20678 1.20678 1.20678 1.20678 1.20678 1.20678 1.25449 1.29013 1.29669 1.32755 1.3765 1.40483 1.35268 1.25467 1.1084 1. 1.

DM_incidence			7

males 

1 1 1 1 1 1 1. 1. 1. 1. 1. 1. 1. 1. 1. 1. 1. 1.
1 1 1 1 4.93871 3.65421 3.57072 3.18384 2.83998 2.56619 2.42673 2.23935 1.87843 1.75478 1.55722 1.3688 1.23079 1.05773
1 1 1 1 21.1315 17.4259 16.1839 15.5717 11.7892 9.73867 7.83876 5.91419 4.6078 3.11349 2.51676 1.94566 1.52809 1.12143 

females 
 
1 1 1 1 1 1 1. 1. 1. 1. 1. 1. 1. 1. 1. 1. 1. 1. 
1 1 1 1 3.72973 3.7036 3.32752 3.14575 2.93645 2.62591 2.49122 2.30031 1.97694 1.85038 1.63344 1.41297 1.24264 1.06048 
1 1 1 1 23.687 19.3333 13.2624 13.7616 12.3288 9.52789 8.84849 6.97494 5.17055 3.80784 2.9324 2.12762 1.55729 1.12718

artknee_incidence		9

males 

1 1 1 1 1 1 1. 1. 1. 1. 1. 1. 1. 1. 1. 1. 1. 1.
2.33137 2.33137 2.33137 2.33137 2.33137 2.33137 2.33137 2.11203 1.91481 1.75118 1.70724 1.5887 1.47204 1.41873 1.37556 1.27549 1.20612 1.09925 
6.36946 6.36946 6.36946 6.36946 6.36946 6.36946 6.36946 5.88516 4.64353 3.86974 3.46358 2.77477 2.55224 2.02668 1.94346 1.67517 1.46622 1.21315 

females 

1 1 1 1 1 1 1. 1. 1. 1. 1. 1. 1. 1. 1. 1. 1. 1.
2.33137 2.33137 2.33137 2.33137 2.33137 2.33137 2.33137 2.11203 1.91481 1.75118 1.70724 1.5887 1.47204 1.41873 1.37556 1.27549 1.20612 1.09925 
6.36946 6.36946 6.36946 6.36946 6.36946 6.36946 6.36946 5.88516 4.64353 3.86974 3.46358 2.77477 2.55224 2.02668 1.94346 1.67517 1.46622 1.21315 

arthip_incidence		10

males 

1 1 1 1 1 1 1. 1. 1. 1. 1. 1. 1. 1. 1. 1. 1. 1.
1.24191 1.24191 1.24191 1.24191 1.24191 1.24191 1.24191 1.23331 1.22369 1.21603 1.22039 1.22054 1.19813 1.21899 1.22402 1.22599 1.26256 1.26256 
1.60625 1.60625 1.60625 1.60625 1.60625 1.60625 1.60625 1.644 1.61149 1.60382 1.58818 1.55173 1.54968 1.49172 1.52386 1.54032 1.60971 1.60971 

females 

1 1 1 1 1 1 1. 1. 1. 1. 1. 1. 1. 1. 1. 1. 1. 1.
1.24191 1.24191 1.24191 1.24191 1.24191 1.24191 1.24191 1.23331 1.22369 1.21603 1.22039 1.22054 1.19813 1.21899 1.22402 1.22599 1.26256 1.26256 
1.60625 1.60625 1.60625 1.60625 1.60625 1.60625 1.60625 1.644 1.61149 1.60382 1.58818 1.55173 1.54968 1.49172 1.52386 1.54032 1.60971 1.60971 

low_back_pain(dorsopaties)_incidence	12

males 

1 1 1 1 1 1 1. 1. 1. 1. 1. 1. 1. 1. 1. 1. 1. 1.
1.24191 1.24191 1.24191 1.24191 1.24191 1.24191 1.24191 1.18361 1.17619 1.17027 1.12825 1.12833 1.11573 1.08369 1.0855 1.08621 1.0487 1.0487 
1.60625 1.60625 1.60625 1.60625 1.60625 1.60625 1.60625 1.49127 1.46752 1.4619 1.32346 1.30498 1.30393 1.17624 1.18646 1.19164 1.10196 1.10196 

females 

1 1 1 1 1 1 1. 1. 1. 1. 1. 1. 1. 1. 1. 1. 1. 1.
1.24191 1.24191 1.24191 1.24191 1.24191 1.24191 1.24191 1.18361 1.17619 1.17027 1.12825 1.12833 1.11573 1.08369 1.0855 1.08621 1.0487 1.0487 
1.60625 1.60625 1.60625 1.60625 1.60625 1.60625 1.60625 1.49127 1.46752 1.4619 1.32346 1.30498 1.30393 1.17624 1.18646 1.19164 1.10196 1.10196 

rectum_cancer_incidence			15

men

1 1 1 1 1 1 1. 1. 1. 1. 1. 1. 1. 1. 1. 1. 1. 1.
1.11589 1.11589 1.11589 1.11589 1.11589 1.11589 1.11589 1.11196 1.10757 1.10405 1.10605 1.10612 1.0958 1.10541 1.10772 1.10862 1.12523 1.12523 
1.27105 1.27105 1.27105 1.27105 1.27105 1.27105 1.27105 1.28608 1.27315 1.27008 1.26379 1.24903 1.24819 1.22434 1.23762 1.24437 1.27243 1.27243 

women

1 1 1 1 1 1 1. 1. 1. 1. 1. 1. 1. 1. 1. 1. 1. 1.
1.13249 1.13249 1.13249 1.13249 1.13249 1.13249 1.13249 1.13085 1.12769 1.11919 1.11944 1.11802 1.10746 1.11591 1.12001 1.12025 1.13138 1.13138 
1.30672 1.30672 1.30672 1.30672 1.30672 1.30672 1.30672 1.32488 1.32344 1.30074 1.30931 1.29707 1.27897 1.26907 1.2821 1.28145 1.28619 1.28619 

colon_cancer_incidence			16

men

1 1 1 1 1 1 1. 1. 1. 1. 1. 1. 1. 1. 1. 1. 1. 1.
1.21587 1.21587 1.21587 1.21587 1.21587 1.21587 1.21587 1.20826 1.19976 1.19298 1.19684 1.19697 1.17713 1.1956 1.20005 1.2018 1.23409 1.23409 
1.53348 1.53348 1.53348 1.53348 1.53348 1.53348 1.53348 1.56595 1.53799 1.53139 1.51791 1.48645 1.48467 1.43449 1.46234 1.47658 1.53646 1.53646 

women

1 1 1 1 1 1 1. 1. 1. 1. 1. 1. 1. 1. 1. 1. 1. 1.
1.24831 1.24831 1.24831 1.24831 1.24831 1.24831 1.24831 1.24509 1.2389 1.2223 1.22278 1.22001 1.19956 1.21592 1.2239 1.22435 1.24613 1.24613 
1.61104 1.61104 1.61104 1.61104 1.61104 1.61104 1.61104 1.65117 1.64798 1.59792 1.61675 1.58988 1.55057 1.52922 1.55733 1.55593 1.56621 1.56621 

breast_cancer_incidence			19

men 

1 1 1 1 1 1 1 1 1 1 1 1 1 1 1 1 1 1
1 1 1 1 1 1 1 1 1 1 1 1 1 1 1 1 1 1
1 1 1 1 1 1 1 1 1 1 1 1 1 1 1 1 1 1

women 

1 1 1 1 1 1 1. 1. 1. 1. 1. 1. 1. 1. 1. 1. 1. 1.
1. 1. 1. 1. 1. 1. 1. 1.0508 1.10117 1.19586 1.24975 1.24661 1.22346 1.19029 1.09516 1. 1. 1. 
1. 1. 1. 1. 1. 1. 1. 1.12004 1.252 1.51836 1.70321 1.67187 1.6261 1.46006 1.22053 1. 1. 1. 

prostate_cancer_incidence		20

men

1 1 1 1 1 1 1. 1. 1. 1. 1. 1. 1. 1. 1. 1. 1. 1.
1.14026 1.14026 1.14026 1.14026 1.14026 1.14026 1.14026 1.13547 1.1301 1.1258 1.08419 1.08425 1.03755 1.04121 1.04209 1.04243 1.0487 1.0487 
1.33257 1.33257 1.33257 1.33257 1.33257 1.33257 1.33257 1.35145 1.3352 1.33135 1.20653 1.19522 1.09345 1.08498 1.08971 1.0921 1.10196 1.10196 

women 

1 1 1 1 1 1 1 1 1 1 1 1 1 1 1 1 1 1
1 1 1 1 1 1 1 1 1 1 1 1 1 1 1 1 1 1
1 1 1 1 1 1 1 1 1 1 1 1 1 1 1 1 1 1

kidney_cancer_incidence			23

men

1 1 1 1 1 1 1. 1. 1. 1. 1. 1. 1. 1. 1. 1. 1. 1.
1.78932 1.78932 1.78932 1.78932 1.78932 1.78932 1.78932 1.56602 1.42842 1.31158 1.26854 1.17375 1.11573 1.08369 1.04209 1. 1. 1. 
3.57045 3.57045 3.57045 3.57045 3.57045 3.57045 3.57045 2.89602 2.32288 1.92529 1.73752 1.42361 1.30393 1.17624 1.08971 1. 1. 1. 

women

1 1 1 1 1 1 1. 1. 1. 1. 1. 1. 1. 1. 1. 1. 1. 1.
1.78932 1.78932 1.78932 1.78932 1.78932 1.78932 1.78932 1.56602 1.42842 1.31158 1.26854 1.17375 1.11573 1.08369 1.04209 1. 1. 1. 
3.57045 3.57045 3.57045 3.57045 3.57045 3.57045 3.57045 2.89602 2.32288 1.92529 1.73752 1.42361 1.30393 1.17624 1.08971 1. 1. 1. 

endometrium_cancer_incidence		26

men 

1 1 1 1 1 1 1 1 1 1 1 1 1 1 1 1 1 1
1 1 1 1 1 1 1 1 1 1 1 1 1 1 1 1 1 1
1 1 1 1 1 1 1 1 1 1 1 1 1 1 1 1 1 1

women

1 1 1 1 1 1 1. 1. 1. 1. 1. 1. 1. 1. 1. 1. 1. 1.
1.59 1.59 1.59 1.59 1.59 1.59 1.59 1.59 1.59 1.59 1.59 1.59 1.59 1.59 1.59 1.59 1.59 1.59
2.52 2.52 2.52 2.52 2.52 2.52 2.52 2.52 2.52 2.52 2.52 2.52 2.52 2.52 2.52 2.52 2.52 2.52

