(* RR's for all cause mortality and CHD incidence,   
within event type specified by gender,      
within gender by cholesterol-class (<5,5-6.5,6.5-8,>=8 mmol/l),      
within cholesterol-class by 5-years ageclass (from 30 till 80+)

Source: RR cholsterol report 2005 *)  

#event-types	3

all_cause_mortality		0

males           

1. 1. 1. 1. 1. 1. 1. 1. 1. 1. 1. 1. 1. 1. 1. 1. 1. 1. 
1.27044 1.27044 1.27044 1.27044 1.27044 1.27044 1.27044 1.21285 1.1708 1.15133 1.11181 1.07648 1.05692 1.01306 1. 1. 1. 1. 
1.62916 1.62916 1.62916 1.62916 1.62916 1.62916 1.62916 1.51457 1.39643 1.33453 1.24018 1.1582 1.11141 1.02674 1. 1. 1. 1. 
2.40733 2.40733 2.40733 2.40733 2.40733 2.40733 2.40733 1.94948 1.76971 1.55923 1.42035 1.28458 1.17921 1.04281 1. 1. 1. 1. 

females           

1. 1. 1. 1. 1. 1. 1. 1. 1. 1. 1. 1. 1. 1. 1. 1. 1. 1. 
1.26142 1.26142 1.26142 1.26142 1.26142 1.26142 1.26142 1.20675 1.16532 1.14296 1.11261 1.07862 1.04973 1.01243 1. 1. 1. 1. 
1.60642 1.60642 1.60642 1.60642 1.60642 1.60642 1.60642 1.49132 1.4082 1.32882 1.2462 1.16055 1.10258 1.0252 1. 1. 1. 1. 
2.33478 2.33478 2.33478 2.33478 2.33478 2.33478 2.33478 1.96894 1.81537 1.6124 1.44482 1.27156 1.17616 1.04203 1. 1. 1. 1. 

AMI=CHD_incidence		1

males           

1. 1. 1. 1. 1. 1. 1. 1. 1. 1. 1. 1. 1. 1. 1. 1. 1. 1. 
1.96061 1.96061 1.96061 1.96061 1.96061 1.96061 1.96061 1.67301 1.49919 1.43896 1.38081 1.3395 1.33934 1.26834 1.20796 1.18679 1.14926 1.12174 
3.94637 3.94637 3.94637 3.94637 3.94637 3.94637 3.94637 3.02559 2.3572 2.10698 1.92578 1.79056 1.74636 1.62168 1.47181 1.3954 1.32538 1.2619 
11.8349 11.8349 11.8349 11.8349 11.8349 11.8349 11.8349 5.93172 4.3311 3.14912 2.91046 2.70013 2.38705 2.15572 1.89302 1.73764 1.53507 1.42462 

females           

1. 1. 1. 1. 1. 1. 1. 1. 1. 1. 1. 1. 1. 1. 1. 1. 1. 1. 
1.92174 1.92174 1.92174 1.92174 1.92174 1.92174 1.92174 1.65069 1.48124 1.41209 1.38387 1.35011 1.29196 1.25395 1.25035 1.21253 1.1456 1.11879 
3.79343 3.79343 3.79343 3.79343 3.79343 3.79343 3.79343 2.90332 2.40859 2.08379 1.95439 1.80502 1.67434 1.57787 1.52893 1.42712 1.32119 1.2586 
10.8587 10.8587 10.8587 10.8587 10.8587 10.8587 10.8587 6.09094 4.62387 3.43398 3.06579 2.59318 2.35466 2.12616 1.96685 1.76573 1.58222 1.46066 

other_CHD=CHD_incidence		2

males           

1. 1. 1. 1. 1. 1. 1. 1. 1. 1. 1. 1. 1. 1. 1. 1. 1. 1. 
1.96061 1.96061 1.96061 1.96061 1.96061 1.96061 1.96061 1.67301 1.49919 1.43896 1.38081 1.3395 1.33934 1.26834 1.20796 1.18679 1.14926 1.12174 
3.94637 3.94637 3.94637 3.94637 3.94637 3.94637 3.94637 3.02559 2.3572 2.10698 1.92578 1.79056 1.74636 1.62168 1.47181 1.3954 1.32538 1.2619 
11.8349 11.8349 11.8349 11.8349 11.8349 11.8349 11.8349 5.93172 4.3311 3.14912 2.91046 2.70013 2.38705 2.15572 1.89302 1.73764 1.53507 1.42462 

females           

1. 1. 1. 1. 1. 1. 1. 1. 1. 1. 1. 1. 1. 1. 1. 1. 1. 1. 
1.92174 1.92174 1.92174 1.92174 1.92174 1.92174 1.92174 1.65069 1.48124 1.41209 1.38387 1.35011 1.29196 1.25395 1.25035 1.21253 1.1456 1.11879 
3.79343 3.79343 3.79343 3.79343 3.79343 3.79343 3.79343 2.90332 2.40859 2.08379 1.95439 1.80502 1.67434 1.57787 1.52893 1.42712 1.32119 1.2586 
10.8587 10.8587 10.8587 10.8587 10.8587 10.8587 10.8587 6.09094 4.62387 3.43398 3.06579 2.59318 2.35466 2.12616 1.96685 1.76573 1.58222 1.46066 

