(* RR's for all cause mortality and CHD incidence.   
within event type specified by gender.      
within gender by cholesterol-class (<5.5-6.5.6.5-8.>=8 mmol/l).      
within cholesterol-class by 5-years ageclass (from 30 till 80+)


31-01-2006 L. Kok: cholesterol in 8 klassen. Op klasse 5 t/m 8 (klassen met medicamenteuze behandeling) risicoreductie door
		   gebruik van statines toegepast (32% voor AMI en 15% voor all-cause mortality). Omdat het CZM rel. risico's
		   onder 1 op 1 zet. is ervoor gekozen om klasse 5 referentieklasse te maken. De RR's van klasse 1 t/m 4 
		   zijn derhalve op papier verhoogd.
		   Bovendien effect statine-gebruik op stroke toegevoegd (loopt niet of nauwelijks via cholesterol).
		   De risicoreductiegetallen zijn gebaseerd op 6 grote trials (HPS. 4S. AFCAPS. WOSCOPS. LIPID en CARE).


Source: RR cholesterol report 2005 *) 

#event-types	4

all_cause_mortality		0

males           

1.	1.	1.	1.	1.	1.	1.	1.	1.	1.	1.	1.	1.	1.	1.	1.	1.	1.
1.27044	1.27044	1.27044	1.27044	1.27044	1.27044	1.27044	1.21285	1.17080	1.15133	1.11181	1.07648	1.05692	1.01306	1.	1.	1.	1.
1.62916	1.62916	1.62916	1.62916	1.62916	1.62916	1.62916	1.51456	1.39644	1.33453	1.24018	1.15820	1.11141	1.02674	1.	1.	1.	1.
2.40733	2.40733	2.40733	2.40733	2.40733	2.40733	2.40733	1.94948	1.76971	1.55924	1.42035	1.28458	1.17921	1.04281	1.	1.	1.	1.
1.18	1.18	1.18	1.18	1.18	1.18	1.18	1.18	1.18	1.18	1.18	1.18	1.18	1.18	1.18	1.18	1.18	1.18
1.49	1.49	1.49	1.49	1.49	1.49	1.49	1.43	1.38	1.35	1.31	1.27	1.24	1.19	1.18	1.18	1.18	1.18
1.92	1.92	1.92	1.92	1.92	1.92	1.92	1.78	1.64	1.57	1.46	1.36	1.31	1.21	1.18	1.18	1.18	1.18
2.83	2.83	2.83	2.83	2.83	2.83	2.83	2.29	2.08	1.83	1.67	1.51	1.39	1.23	1.18	1.18	1.18	1.18

females           

1.	1.	1.	1.	1.	1.	1.	1.	1.	1.	1.	1.	1.	1.	1.	1.	1.	1.
1.26142	1.26142	1.26142	1.26142	1.26142	1.26142	1.26142	1.20675	1.16532	1.14296	1.11261	1.07862	1.04973	1.01243	1.	1.	1.	1.
1.60642	1.60642	1.60642	1.60642	1.60642	1.60642	1.60642	1.49132	1.40821	1.32882	1.24620	1.16055	1.10258	1.02520	1.	1.	1.	1.
2.33478	2.33478	2.33478	2.33478	2.33478	2.33478	2.33478	1.96894	1.81536	1.61240	1.44482	1.27156	1.17616	1.04203	1.	1.	1.	1.
1.18	1.18	1.18	1.18	1.18	1.18	1.18	1.18	1.18	1.18	1.18	1.18	1.18	1.18	1.18	1.18	1.18	1.18
1.48	1.48	1.48	1.48	1.48	1.48	1.48	1.42	1.37	1.34	1.31	1.27	1.23	1.19	1.18	1.18	1.18	1.18
1.89	1.89	1.89	1.89	1.89	1.89	1.89	1.75	1.66	1.56	1.47	1.37	1.30	1.21	1.18	1.18	1.18	1.18
2.75	2.75	2.75	2.75	2.75	2.75	2.75	2.32	2.14	1.90	1.70	1.50	1.38	1.23	1.18	1.18	1.18	1.18

AMI=CHD_incidence		1

males           

1. 1. 1. 1. 1. 1. 1. 1. 1. 1. 1. 1. 1. 1. 1. 1. 1. 1. 
1.96061 1.96061 1.96061 1.96061 1.96061 1.96061 1.96061 1.67301 1.49919 1.43896 1.38081 1.3395 1.33934 1.26834 1.20796 1.18679 1.14926 1.12174 
3.94637 3.94637 3.94637 3.94637 3.94637 3.94637 3.94637 3.02559 2.3572 2.10698 1.92578 1.79056 1.74636 1.62168 1.47181 1.3954 1.32538 1.2619 
11.8349 11.8349 11.8349 11.8349 11.8349 11.8349 11.8349 5.93172 4.3311 3.14912 2.91046 2.70013 2.38705 2.15572 1.89302 1.73764 1.53507 1.42462 
1.47	1.47	1.47	1.47	1.47	1.47	1.47	1.47	1.47	1.47	1.47	1.47	1.47	1.47	1.47	1.47	1.47	1.47
2.88	2.88	2.88	2.88	2.88	2.88	2.88	2.46	2.20	2.12	2.03	1.97	1.97	1.87	1.78	1.75	1.69	1.65
5.80	5.80	5.80	5.80	5.80	5.80	5.80	4.45	3.47	3.10	2.83	2.63	2.57	2.38	2.16	2.05	1.95	1.86
17.40	17.40	17.40	17.40	17.40	17.40	17.40	8.72	6.37	4.63	4.28	3.97	3.51	3.17	2.78	2.56	2.26	2.10

females           

1. 1. 1. 1. 1. 1. 1. 1. 1. 1. 1. 1. 1. 1. 1. 1. 1. 1. 
1.92174 1.92174 1.92174 1.92174 1.92174 1.92174 1.92174 1.65069 1.48124 1.41209 1.38387 1.35011 1.29196 1.25395 1.25035 1.21253 1.1456 1.11879 
3.79343 3.79343 3.79343 3.79343 3.79343 3.79343 3.79343 2.90332 2.40859 2.08379 1.95439 1.80502 1.67434 1.57787 1.52893 1.42712 1.32119 1.2586 
10.8587 10.8587 10.8587 10.8587 10.8587 10.8587 10.8587 6.09094 4.62387 3.43398 3.06579 2.59318 2.35466 2.12616 1.96685 1.76573 1.58222 1.46066 
1.47	1.47	1.47	1.47	1.47	1.47	1.47	1.47	1.47	1.47	1.47	1.47	1.47	1.47	1.47	1.47	1.47	1.47
2.83	2.83	2.83	2.83	2.83	2.83	2.83	2.43	2.18	2.08	2.04	1.99	1.90	1.84	1.84	1.78	1.68	1.65
5.58	5.58	5.58	5.58	5.58	5.58	5.58	4.27	3.54	3.06	2.87	2.65	2.46	2.32	2.25	2.10	1.94	1.85
15.97	15.97	15.97	15.97	15.97	15.97	15.97	8.96	6.80	5.05	4.51	3.81	3.46	3.13	2.89	2.60	2.33	2.15

other_CHD=CHD_incidence		2

males           

1. 1. 1. 1. 1. 1. 1. 1. 1. 1. 1. 1. 1. 1. 1. 1. 1. 1. 
1.96061 1.96061 1.96061 1.96061 1.96061 1.96061 1.96061 1.67301 1.49919 1.43896 1.38081 1.3395 1.33934 1.26834 1.20796 1.18679 1.14926 1.12174 
3.94637 3.94637 3.94637 3.94637 3.94637 3.94637 3.94637 3.02559 2.3572 2.10698 1.92578 1.79056 1.74636 1.62168 1.47181 1.3954 1.32538 1.2619 
11.8349 11.8349 11.8349 11.8349 11.8349 11.8349 11.8349 5.93172 4.3311 3.14912 2.91046 2.70013 2.38705 2.15572 1.89302 1.73764 1.53507 1.42462 
1.47	1.47	1.47	1.47	1.47	1.47	1.47	1.47	1.47	1.47	1.47	1.47	1.47	1.47	1.47	1.47	1.47	1.47
2.88	2.88	2.88	2.88	2.88	2.88	2.88	2.46	2.20	2.12	2.03	1.97	1.97	1.87	1.78	1.75	1.69	1.65
5.80	5.80	5.80	5.80	5.80	5.80	5.80	4.45	3.47	3.10	2.83	2.63	2.57	2.38	2.16	2.05	1.95	1.86
17.40	17.40	17.40	17.40	17.40	17.40	17.40	8.72	6.37	4.63	4.28	3.97	3.51	3.17	2.78	2.56	2.26	2.10

females           

1. 1. 1. 1. 1. 1. 1. 1. 1. 1. 1. 1. 1. 1. 1. 1. 1. 1. 
1.92174 1.92174 1.92174 1.92174 1.92174 1.92174 1.92174 1.65069 1.48124 1.41209 1.38387 1.35011 1.29196 1.25395 1.25035 1.21253 1.1456 1.11879 
3.79343 3.79343 3.79343 3.79343 3.79343 3.79343 3.79343 2.90332 2.40859 2.08379 1.95439 1.80502 1.67434 1.57787 1.52893 1.42712 1.32119 1.2586 
10.8587 10.8587 10.8587 10.8587 10.8587 10.8587 10.8587 6.09094 4.62387 3.43398 3.06579 2.59318 2.35466 2.12616 1.96685 1.76573 1.58222 1.46066 
1.47	1.47	1.47	1.47	1.47	1.47	1.47	1.47	1.47	1.47	1.47	1.47	1.47	1.47	1.47	1.47	1.47	1.47
2.83	2.83	2.83	2.83	2.83	2.83	2.83	2.43	2.18	2.08	2.04	1.99	1.90	1.84	1.84	1.78	1.68	1.65
5.58	5.58	5.58	5.58	5.58	5.58	5.58	4.27	3.54	3.06	2.87	2.65	2.46	2.32	2.25	2.10	1.94	1.85
15.97	15.97	15.97	15.97	15.97	15.97	15.97	8.96	6.80	5.05	4.51	3.81	3.46	3.13	2.89	2.60	2.33	2.15

CVA_incidence			4

males

1. 1. 1. 1. 1. 1. 1. 1. 1. 1. 1. 1. 1. 1. 1. 1. 1. 1.
1. 1. 1. 1. 1. 1. 1. 1. 1. 1. 1. 1. 1. 1. 1. 1. 1. 1.
1. 1. 1. 1. 1. 1. 1. 1. 1. 1. 1. 1. 1. 1. 1. 1. 1. 1.
1. 1. 1. 1. 1. 1. 1. 1. 1. 1. 1. 1. 1. 1. 1. 1. 1. 1.
1.35	1.35	1.35	1.35	1.35	1.35	1.35	1.35	1.35	1.35	1.35	1.35	1.35	1.35	1.35	1.35	1.35	1.35
1.35	1.35	1.35	1.35	1.35	1.35	1.35	1.35	1.35	1.35	1.35	1.35	1.35	1.35	1.35	1.35	1.35	1.35
1.35	1.35	1.35	1.35	1.35	1.35	1.35	1.35	1.35	1.35	1.35	1.35	1.35	1.35	1.35	1.35	1.35	1.35
1.35	1.35	1.35	1.35	1.35	1.35	1.35	1.35	1.35	1.35	1.35	1.35	1.35	1.35	1.35	1.35	1.35	1.35

females

1. 1. 1. 1. 1. 1. 1. 1. 1. 1. 1. 1. 1. 1. 1. 1. 1. 1.
1. 1. 1. 1. 1. 1. 1. 1. 1. 1. 1. 1. 1. 1. 1. 1. 1. 1.
1. 1. 1. 1. 1. 1. 1. 1. 1. 1. 1. 1. 1. 1. 1. 1. 1. 1.
1. 1. 1. 1. 1. 1. 1. 1. 1. 1. 1. 1. 1. 1. 1. 1. 1. 1.
1.35	1.35	1.35	1.35	1.35	1.35	1.35	1.35	1.35	1.35	1.35	1.35	1.35	1.35	1.35	1.35	1.35	1.35
1.35	1.35	1.35	1.35	1.35	1.35	1.35	1.35	1.35	1.35	1.35	1.35	1.35	1.35	1.35	1.35	1.35	1.35
1.35	1.35	1.35	1.35	1.35	1.35	1.35	1.35	1.35	1.35	1.35	1.35	1.35	1.35	1.35	1.35	1.35	1.35
1.35	1.35	1.35	1.35	1.35	1.35	1.35	1.35	1.35	1.35	1.35	1.35	1.35	1.35	1.35	1.35	1.35	1.35


