(* RR's for 

DM->CHF			unadjusted
DM->AMI 		adjusted
DM->other_CHD 		adjusted
AMI->CHF 		unadjusted
other CHD->CHF 		unadjusted
DM->CVA 		adjusted
other CHD(AP)->AMI 	unadjusted
CVA->CHF		unadjusted
CVA->AMI 		unadjusted
CVA->AP 		unadjusted

specified by gender and 5-year ageclass

Source: RR diseases report 2005 *)

#causal_relations	8

DM->CHF		7 3	
adj		0

9.96	9.96	9.96	9.96	9.96	9.96	9.96	9.96	9.96	8.23	6.54	4.97	3.68	2.77	2.15	1.73	1.42	1.13
9.96	9.96	9.96	9.96	9.96	9.96	9.96	9.96	9.96	8.23	6.54	4.97	3.68	2.77	2.15	1.73	1.42	1.13

DM->AMI		7 1
adj		1

2.06	2.06	2.06	2.06	2.06	2.06	2.06	2.06	2.06	2.10	2.11	2.08	2.00	1.91	1.80	1.68	1.57	1.45
3.20	3.20	3.20	3.20	3.20	3.20	3.20	3.20	3.20	3.17	3.14	3.06	2.91	2.72	2.50	2.27	2.05	1.82

DM->other_CHD	7 2
adj		1

2.06	2.06	2.06	2.06	2.06	2.06	2.06	2.06	2.06	2.10	2.11	2.08	2.00	1.91	1.80	1.68	1.57	1.45
3.20	3.20	3.20	3.20	3.20	3.20	3.20	3.20	3.20	3.17	3.14	3.06	2.91	2.72	2.50	2.27	2.05	1.82

AMI->CHF	1 3
adj		0

4.331283 4.331283 4.331283 4.331283 4.331283 4.331283 
4.331283 4.331283 4.331283 4.331283 4.331283 4.331283 
4.331283 3.605116 2.676938 1.971932 1.431004 1.037515

4.331283 4.331283 4.331283 4.331283 4.331283 4.331283 
4.331283 4.331283 4.331283 4.331283 4.331283 4.331283 
4.331283 3.605116 2.676938 1.971932 1.431004 1.037515

other_CHD->CHF	2 3
adj		0

1.482 1.482 1.482 1.482 1.482 1.482 
1.482 1.482 1.482 1.482 1.482 1.482 
1.482 1.450 1.399 1.334 1.260 1.190

1.482 1.482 1.482 1.482 1.482 1.482 
1.482 1.482 1.482 1.482 1.482 1.482 
1.482 1.450 1.399 1.334 1.260 1.190

DM->CVA		7 4
adj		1

3.11	3.11	3.11	3.11	3.11	3.11	3.11	3.11	3.11	2.89	2.65	2.39	2.13	1.88	1.62	1.36	1.10	1.00
3.11	3.11	3.11	3.11	3.11	3.11	3.11	3.11	3.11	2.89	2.65	2.39	2.13	1.88	1.62	1.36	1.10	1.00

other_CHD->AMI	2 1
adj		0

2.14 2.14 2.14 2.14 2.14 2.14
2.14 2.14 2.14 2.14 2.14 2.14 
2.14 2.14 2.14 2.14 2.14 2.14 

2.14 2.14 2.14 2.14 2.14 2.14 
2.14 2.14 2.14 2.14 2.14 2.14 
2.14 2.14 2.14 2.14 2.14 2.14 

CVA->CHF	4 3
adj		0

1.44 1.44 1.44 1.44 1.44 1.44 
1.44 1.44 1.44 1.44 1.44 1.44 
1.44 1.44 1.44 1.44 1.44 1.44 

1.44 1.44 1.44 1.44 1.44 1.44 
1.44 1.44 1.44 1.44 1.44 1.44 
1.44 1.44 1.44 1.44 1.44 1.44 

CVA->AMI	4 1
adj		0

1.58 1.58 1.58 1.58 1.58 1.58 
1.58 1.58 1.58 1.58 1.58 1.58 
1.58 1.58 1.58 1.58 1.58 1.58 

1.58 1.58 1.58 1.58 1.58 1.58 
1.58 1.58 1.58 1.58 1.58 1.58 
1.58 1.58 1.58 1.58 1.58 1.58 

CVA->other_CHD	4 2
adj		0

1.58 1.58 1.58 1.58 1.58 1.58 
1.58 1.58 1.58 1.58 1.58 1.58 
1.58 1.58 1.58 1.58 1.58 1.58 

1.58 1.58 1.58 1.58 1.58 1.58 
1.58 1.58 1.58 1.58 1.58 1.58 
1.58 1.58 1.58 1.58 1.58 1.58 


