(* RR fruit,
specifid by event, gender, class, and 5-year ageclass,
calculated by log-linear interpolating 200g effects
{1, .8, .8, .7, .77, .82, .85}

Source: Ons eten gemeten 2004

*)

#event-types	7


all_cause_mortality		0

males

1 1 1 1 1 1 1 1 1 1 1 1 1 1 1 1 1 1 
1 1 1 1 1 1 1 1 1 1 1 1 1 1 1 1 1 1 
1 1 1 1 1 1 1 1 1 1 1 1 1 1 1 1 1 1 
1 1 1 1 1 1 1 1 1 1 1 1 1 1 1 1 1 1 
1 1 1 1 1 1 1 1 1 1 1 1 1 1 1 1 1 1

females

1 1 1 1 1 1 1 1 1 1 1 1 1 1 1 1 1 1 
1 1 1 1 1 1 1 1 1 1 1 1 1 1 1 1 1 1 
1 1 1 1 1 1 1 1 1 1 1 1 1 1 1 1 1 1 
1 1 1 1 1 1 1 1 1 1 1 1 1 1 1 1 1 1 
1 1 1 1 1 1 1 1 1 1 1 1 1 1 1 1 1 1

AMI_incidence			1

males

1.25 1.25 1.25 1.25 1.25 1.25 1.25 1.25 1.25 1.25 1.25 1.25 1.25 1.25 1.25 1.25 1.25 1.25
1.18218 1.18218 1.18218 1.18218 1.18218 1.18218 1.18218 1.18218 1.18218 1.18218 1.18218 1.18218 1.18218 1.18218 1.18218 1.18218 1.18218 1.18218 
1.11803 1.11803 1.11803 1.11803 1.11803 1.11803 1.11803 1.11803 1.11803 1.11803 1.11803 1.11803 1.11803 1.11803 1.11803 1.11803 1.11803 1.11803 
1.05737 1.05737 1.05737 1.05737 1.05737 1.05737 1.05737 1.05737 1.05737 1.05737 1.05737 1.05737 1.05737 1.05737 1.05737 1.05737 1.05737 1.05737 
1 1 1 1 1 1 1 1 1 1 1 1 1 1 1 1 1 1 

females

1.25 1.25 1.25 1.25 1.25 1.25 1.25 1.25 1.25 1.25 1.25 1.25 1.25 1.25 1.25 1.25 1.25 1.25
1.18218 1.18218 1.18218 1.18218 1.18218 1.18218 1.18218 1.18218 1.18218 1.18218 1.18218 1.18218 1.18218 1.18218 1.18218 1.18218 1.18218 1.18218 
1.11803 1.11803 1.11803 1.11803 1.11803 1.11803 1.11803 1.11803 1.11803 1.11803 1.11803 1.11803 1.11803 1.11803 1.11803 1.11803 1.11803 1.11803 
1.05737 1.05737 1.05737 1.05737 1.05737 1.05737 1.05737 1.05737 1.05737 1.05737 1.05737 1.05737 1.05737 1.05737 1.05737 1.05737 1.05737 1.05737 
1 1 1 1 1 1 1 1 1 1 1 1 1 1 1 1 1 1 

other_CHD_incidence		2

males

1.25 1.25 1.25 1.25 1.25 1.25 1.25 1.25 1.25 1.25 1.25 1.25 1.25 1.25 1.25 1.25 1.25 1.25
1.18218 1.18218 1.18218 1.18218 1.18218 1.18218 1.18218 1.18218 1.18218 1.18218 1.18218 1.18218 1.18218 1.18218 1.18218 1.18218 1.18218 1.18218 
1.11803 1.11803 1.11803 1.11803 1.11803 1.11803 1.11803 1.11803 1.11803 1.11803 1.11803 1.11803 1.11803 1.11803 1.11803 1.11803 1.11803 1.11803 
1.05737 1.05737 1.05737 1.05737 1.05737 1.05737 1.05737 1.05737 1.05737 1.05737 1.05737 1.05737 1.05737 1.05737 1.05737 1.05737 1.05737 1.05737 
1 1 1 1 1 1 1 1 1 1 1 1 1 1 1 1 1 1 

females

1.25 1.25 1.25 1.25 1.25 1.25 1.25 1.25 1.25 1.25 1.25 1.25 1.25 1.25 1.25 1.25 1.25 1.25
1.18218 1.18218 1.18218 1.18218 1.18218 1.18218 1.18218 1.18218 1.18218 1.18218 1.18218 1.18218 1.18218 1.18218 1.18218 1.18218 1.18218 1.18218 
1.11803 1.11803 1.11803 1.11803 1.11803 1.11803 1.11803 1.11803 1.11803 1.11803 1.11803 1.11803 1.11803 1.11803 1.11803 1.11803 1.11803 1.11803 
1.05737 1.05737 1.05737 1.05737 1.05737 1.05737 1.05737 1.05737 1.05737 1.05737 1.05737 1.05737 1.05737 1.05737 1.05737 1.05737 1.05737 1.05737 
1 1 1 1 1 1 1 1 1 1 1 1 1 1 1 1 1 1 

CVA_incidence			4

males

1.42857 1.42857 1.42857 1.42857 1.42857 1.42857 1.42857 1.42857 1.42857 1.42857 1.42857 1.42857 1.42857 1.42857 1.42857  1.42857 1.42857 1.42857
1.3067 1.3067 1.3067 1.3067 1.3067 1.3067 1.3067 1.3067 1.3067 1.3067 1.3067 1.3067 1.3067 1.3067 1.3067 1.3067 1.3067 1.3067 
1.19523 1.19523 1.19523 1.19523 1.19523 1.19523 1.19523 1.19523 1.19523 1.19523 1.19523 1.19523 1.19523 1.19523 1.19523 1.19523 1.19523 1.19523 
1.09327 1.09327 1.09327 1.09327 1.09327 1.09327 1.09327 1.09327 1.09327 1.09327 1.09327 1.09327 1.09327 1.09327 1.09327 1.09327 1.09327 1.09327 
1 1 1 1 1 1 1 1 1 1 1 1 1 1 1 1 1 1 

demales

1.42857 1.42857 1.42857 1.42857 1.42857 1.42857 1.42857 1.42857 1.42857 1.42857 1.42857 1.42857 1.42857 1.42857 1.42857  1.42857 1.42857 1.42857
1.3067 1.3067 1.3067 1.3067 1.3067 1.3067 1.3067 1.3067 1.3067 1.3067 1.3067 1.3067 1.3067 1.3067 1.3067 1.3067 1.3067 1.3067 
1.19523 1.19523 1.19523 1.19523 1.19523 1.19523 1.19523 1.19523 1.19523 1.19523 1.19523 1.19523 1.19523 1.19523 1.19523 1.19523 1.19523 1.19523 
1.09327 1.09327 1.09327 1.09327 1.09327 1.09327 1.09327 1.09327 1.09327 1.09327 1.09327 1.09327 1.09327 1.09327 1.09327 1.09327 1.09327 1.09327 
1 1 1 1 1 1 1 1 1 1 1 1 1 1 1 1 1 1 

lung_cancer_incidence		14

males

1.2987 1.2987 1.2987 1.2987 1.2987 1.2987 1.2987 1.2987 1.2987 1.2987 1.2987 1.2987 1.2987 1.2987 1.2987 1.2987 1.2987 1.2987
1.21656 1.21656 1.21656 1.21656 1.21656 1.21656 1.21656 1.21656 1.21656 1.21656 1.21656 1.21656 1.21656 1.21656 1.21656  1.21656 1.21656 1.21656 
1.13961 1.13961 1.13961 1.13961 1.13961 1.13961 1.13961 1.13961 1.13961 1.13961 1.13961 1.13961 1.13961 1.13961 1.13961 1.13961 1.13961 1.13961 
1.06752 1.06752 1.06752 1.06752 1.06752 1.06752 1.06752 1.06752 1.06752 1.06752 1.06752 1.06752 1.06752 1.06752 1.06752 1.06752 1.06752 1.06752
1 1 1 1 1 1 1 1 1 1 1 1 1 1 1 1 1 1 

females

1.2987 1.2987 1.2987 1.2987 1.2987 1.2987 1.2987 1.2987 1.2987 1.2987 1.2987 1.2987 1.2987 1.2987 1.2987 1.2987 1.2987 1.2987
1.21656 1.21656 1.21656 1.21656 1.21656 1.21656 1.21656 1.21656 1.21656 1.21656 1.21656 1.21656 1.21656 1.21656 1.21656  1.21656 1.21656 1.21656 
1.13961 1.13961 1.13961 1.13961 1.13961 1.13961 1.13961 1.13961 1.13961 1.13961 1.13961 1.13961 1.13961 1.13961 1.13961 1.13961 1.13961 1.13961 
1.06752 1.06752 1.06752 1.06752 1.06752 1.06752 1.06752 1.06752 1.06752 1.06752 1.06752 1.06752 1.06752 1.06752 1.06752 1.06752 1.06752 1.06752
1 1 1 1 1 1 1 1 1 1 1 1 1 1 1 1 1 1 

stomach_cancer_incidence	17

males

1.21951 1.21951 1.21951 1.21951 1.21951 1.21951 1.21951 1.21951 1.21951 1.21951 1.21951 1.21951 1.21951 1.21951 1.21951 1.21951 1.21951 1.21951
1.16049 1.16049 1.16049 1.16049 1.16049 1.16049 1.16049 1.16049 1.16049 1.16049 1.16049 1.16049 1.16049 1.16049 1.16049 1.16049 1.16049 1.16049 
1.10432 1.10432 1.10432 1.10432 1.10432 1.10432 1.10432 1.10432 1.10432 1.10432 1.10432 1.10432 1.10432 1.10432 1.10432 1.10432 1.10432 1.10432
1.05086 1.05086 1.05086 1.05086 1.05086 1.05086 1.05086 1.05086 1.05086 1.05086 1.05086 1.05086 1.05086 1.05086 1.05086 1.05086 1.05086 1.05086
1 1 1 1 1 1 1 1 1 1 1 1 1 1 1 1 1 1 

females

1.21951 1.21951 1.21951 1.21951 1.21951 1.21951 1.21951 1.21951 1.21951 1.21951 1.21951 1.21951 1.21951 1.21951 1.21951 1.21951 1.21951 1.21951
1.16049 1.16049 1.16049 1.16049 1.16049 1.16049 1.16049 1.16049 1.16049 1.16049 1.16049 1.16049 1.16049 1.16049 1.16049 1.16049 1.16049 1.16049 
1.10432 1.10432 1.10432 1.10432 1.10432 1.10432 1.10432 1.10432 1.10432 1.10432 1.10432 1.10432 1.10432 1.10432 1.10432 1.10432 1.10432 1.10432
1.05086 1.05086 1.05086 1.05086 1.05086 1.05086 1.05086 1.05086 1.05086 1.05086 1.05086 1.05086 1.05086 1.05086 1.05086 1.05086 1.05086 1.05086
1 1 1 1 1 1 1 1 1 1 1 1 1 1 1 1 1 1 

breast_cancer_incidence		19

males

1.17647 1.17647 1.17647 1.17647 1.17647 1.17647 1.17647 1.17647 1.17647 1.17647 1.17647 1.17647 1.17647 1.17647 1.17647 1.17647 1.17647 1.17647
1.12963 1.12963 1.12963 1.12963 1.12963 1.12963 1.12963 1.12963 1.12963 1.12963 1.12963 1.12963 1.12963 1.12963 1.12963 1.12963 1.12963 1.12963 
1.08465 1.08465 1.08465 1.08465 1.08465 1.08465 1.08465 1.08465 1.08465 1.08465 1.08465 1.08465 1.08465 1.08465 1.08465 1.08465 1.08465 1.08465 
1.04147 1.04147 1.04147 1.04147 1.04147 1.04147 1.04147 1.04147 1.04147 1.04147 1.04147 1.04147 1.04147 1.04147 1.04147 1.04147 1.04147 1.04147 
1 1 1 1 1 1 1 1 1 1 1 1 1 1 1 1 1 1 

females

1.17647 1.17647 1.17647 1.17647 1.17647 1.17647 1.17647 1.17647 1.17647 1.17647 1.17647 1.17647 1.17647 1.17647 1.17647 1.17647 1.17647 1.17647
1.12963 1.12963 1.12963 1.12963 1.12963 1.12963 1.12963 1.12963 1.12963 1.12963 1.12963 1.12963 1.12963 1.12963 1.12963 1.12963 1.12963 1.12963 
1.08465 1.08465 1.08465 1.08465 1.08465 1.08465 1.08465 1.08465 1.08465 1.08465 1.08465 1.08465 1.08465 1.08465 1.08465 1.08465 1.08465 1.08465 
1.04147 1.04147 1.04147 1.04147 1.04147 1.04147 1.04147 1.04147 1.04147 1.04147 1.04147 1.04147 1.04147 1.04147 1.04147 1.04147 1.04147 1.04147 
1 1 1 1 1 1 1 1 1 1 1 1 1 1 1 1 1 1 
