(* RR vegetables 
specifid by event gender class and 5-year ageclass 
calculated by log-linear interpolating 200g effects
1 .8 .8 .80

Source: Ons eten gemeten 2004
*)

#event-types	4

all_cause_mortality		0

males

1 1 1 1 1 1 1 1 1 1 1 1 1 1 1 1 1 1 
1 1 1 1 1 1 1 1 1 1 1 1 1 1 1 1 1 1 
1 1 1 1 1 1 1 1 1 1 1 1 1 1 1 1 1 1 
1 1 1 1 1 1 1 1 1 1 1 1 1 1 1 1 1 1
1 1 1 1 1 1 1 1 1 1 1 1 1 1 1 1 1 1

females

1 1 1 1 1 1 1 1 1 1 1 1 1 1 1 1 1 1 
1 1 1 1 1 1 1 1 1 1 1 1 1 1 1 1 1 1 
1 1 1 1 1 1 1 1 1 1 1 1 1 1 1 1 1 1 
1 1 1 1 1 1 1 1 1 1 1 1 1 1 1 1 1 1
1 1 1 1 1 1 1 1 1 1 1 1 1 1 1 1 1 1

AMI_incidence			1

males

1.25 1.25 1.25 1.25 1.25 1.25 1.25 1.25 1.25 1.25 1.25 1.25 1.25 1.25 1.25 1.25 1.25 1.25
1.18218 1.18218 1.18218 1.18218 1.18218 1.18218 1.18218 1.18218 1.18218 1.18218 1.18218 1.18218 1.18218 1.18218 1.18218 1.18218 1.18218 1.18218 
1.11803 1.11803 1.11803 1.11803 1.11803 1.11803 1.11803 1.11803 1.11803 1.11803 1.11803 1.11803 1.11803 1.11803 1.11803 1.11803 1.11803 1.11803 
1.05737 1.05737 1.05737 1.05737 1.05737 1.05737 1.05737 1.05737 1.05737 1.05737 1.05737 1.05737 1.05737 1.05737 1.05737 1.05737 1.05737 1.05737 
1 1 1 1 1 1 1 1 1 1 1 1 1 1 1 1 1 1 

females

1.25 1.25 1.25 1.25 1.25 1.25 1.25 1.25 1.25 1.25 1.25 1.25 1.25 1.25 1.25 1.25 1.25 1.25
1.18218 1.18218 1.18218 1.18218 1.18218 1.18218 1.18218 1.18218 1.18218 1.18218 1.18218 1.18218 1.18218 1.18218 1.18218 1.18218 1.18218 1.18218 
1.11803 1.11803 1.11803 1.11803 1.11803 1.11803 1.11803 1.11803 1.11803 1.11803 1.11803 1.11803 1.11803 1.11803 1.11803 1.11803 1.11803 1.11803 
1.05737 1.05737 1.05737 1.05737 1.05737 1.05737 1.05737 1.05737 1.05737 1.05737 1.05737 1.05737 1.05737 1.05737 1.05737 1.05737 1.05737 1.05737 
1 1 1 1 1 1 1 1 1 1 1 1 1 1 1 1 1 1 

other_CHD_incidence		2

males

1.25 1.25 1.25 1.25 1.25 1.25 1.25 1.25 1.25 1.25 1.25 1.25 1.25 1.25 1.25 1.25 1.25 1.25
1.18218 1.18218 1.18218 1.18218 1.18218 1.18218 1.18218 1.18218 1.18218 1.18218 1.18218 1.18218 1.18218 1.18218 1.18218 1.18218 1.18218 1.18218 
1.11803 1.11803 1.11803 1.11803 1.11803 1.11803 1.11803 1.11803 1.11803 1.11803 1.11803 1.11803 1.11803 1.11803 1.11803 1.11803 1.11803 1.11803 
1.05737 1.05737 1.05737 1.05737 1.05737 1.05737 1.05737 1.05737 1.05737 1.05737 1.05737 1.05737 1.05737 1.05737 1.05737 1.05737 1.05737 1.05737 
1 1 1 1 1 1 1 1 1 1 1 1 1 1 1 1 1 1 

females

1.25 1.25 1.25 1.25 1.25 1.25 1.25 1.25 1.25 1.25 1.25 1.25 1.25 1.25 1.25 1.25 1.25 1.25
1.18218 1.18218 1.18218 1.18218 1.18218 1.18218 1.18218 1.18218 1.18218 1.18218 1.18218 1.18218 1.18218 1.18218 1.18218 1.18218 1.18218 1.18218 
1.11803 1.11803 1.11803 1.11803 1.11803 1.11803 1.11803 1.11803 1.11803 1.11803 1.11803 1.11803 1.11803 1.11803 1.11803 1.11803 1.11803 1.11803 
1.05737 1.05737 1.05737 1.05737 1.05737 1.05737 1.05737 1.05737 1.05737 1.05737 1.05737 1.05737 1.05737 1.05737 1.05737 1.05737 1.05737 1.05737 
1 1 1 1 1 1 1 1 1 1 1 1 1 1 1 1 1 1 

lung_cancer_incidence		14

males

1.25 1.25 1.25 1.25 1.25 1.25 1.25 1.25 1.25 1.25 1.25 1.25 1.25 1.25 1.25 1.25 1.25 1.25
1.18218 1.18218 1.18218 1.18218 1.18218 1.18218 1.18218 1.18218 1.18218 1.18218 1.18218 1.18218 1.18218 1.18218 1.18218 1.18218 1.18218 1.18218 
1.11803 1.11803 1.11803 1.11803 1.11803 1.11803 1.11803 1.11803 1.11803 1.11803 1.11803 1.11803 1.11803 1.11803 1.11803 1.11803 1.11803 1.11803 
1.05737 1.05737 1.05737 1.05737 1.05737 1.05737 1.05737 1.05737 1.05737 1.05737 1.05737 1.05737 1.05737 1.05737 1.05737 1.05737 1.05737 1.05737 
1 1 1 1 1 1 1 1 1 1 1 1 1 1 1 1 1 1 

females

1.25 1.25 1.25 1.25 1.25 1.25 1.25 1.25 1.25 1.25 1.25 1.25 1.25 1.25 1.25 1.25 1.25 1.25
1.18218 1.18218 1.18218 1.18218 1.18218 1.18218 1.18218 1.18218 1.18218 1.18218 1.18218 1.18218 1.18218 1.18218 1.18218 1.18218 1.18218 1.18218 
1.11803 1.11803 1.11803 1.11803 1.11803 1.11803 1.11803 1.11803 1.11803 1.11803 1.11803 1.11803 1.11803 1.11803 1.11803 1.11803 1.11803 1.11803 
1.05737 1.05737 1.05737 1.05737 1.05737 1.05737 1.05737 1.05737 1.05737 1.05737 1.05737 1.05737 1.05737 1.05737 1.05737 1.05737 1.05737 1.05737 
1 1 1 1 1 1 1 1 1 1 1 1 1 1 1 1 1 1 

