(* *)

#event-types	4

all_cause_mortality		0

males

1 1 1 1 1 1 1 1 1 1 1 1 1 1 1 1 1 1
1 1 1 1 1 1 1 1 1 1 1 1 1 1 1 1 1 1
1 1 1 1 1 1 1 1 1 1 1 1 1 1 1 1 1 1

females

1 1 1 1 1 1 1 1 1 1 1 1 1 1 1 1 1 1
1 1 1 1 1 1 1 1 1 1 1 1 1 1 1 1 1 1
1 1 1 1 1 1 1 1 1 1 1 1 1 1 1 1 1 1

AMI_incidence			1

males

1 1 1 1 1 1 1 1 1 1 1 1 1 1 1 1 1 1
1.19 1.19 1.19 1.19 1.19 1.19 1.19 1.19 1.19 1.19 1.19 1.19 1.19 1.19 1.19 1.19 1.19 1.19
1.57 1.57 1.57 1.57 1.57 1.57 1.57 1.57 1.57 1.57 1.57 1.57 1.57 1.57 1.57 1.57 1.57 1.57

females

1 1 1 1 1 1 1 1 1 1 1 1 1 1 1 1 1 1
1.19 1.19 1.19 1.19 1.19 1.19 1.19 1.19 1.19 1.19 1.19 1.19 1.19 1.19 1.19 1.19 1.19 1.19
1.57 1.57 1.57 1.57 1.57 1.57 1.57 1.57 1.57 1.57 1.57 1.57 1.57 1.57 1.57 1.57 1.57 1.57

other_CHD_incidence		2

males

1 1 1 1 1 1 1 1 1 1 1 1 1 1 1 1 1 1
1.19 1.19 1.19 1.19 1.19 1.19 1.19 1.19 1.19 1.19 1.19 1.19 1.19 1.19 1.19 1.19 1.19 1.19
1.57 1.57 1.57 1.57 1.57 1.57 1.57 1.57 1.57 1.57 1.57 1.57 1.57 1.57 1.57 1.57 1.57 1.57

females

1 1 1 1 1 1 1 1 1 1 1 1 1 1 1 1 1 1
1.19 1.19 1.19 1.19 1.19 1.19 1.19 1.19 1.19 1.19 1.19 1.19 1.19 1.19 1.19 1.19 1.19 1.19
1.57 1.57 1.57 1.57 1.57 1.57 1.57 1.57 1.57 1.57 1.57 1.57 1.57 1.57 1.57 1.57 1.57 1.57

CVA_incidence			4

males

1 1 1 1 1 1 1 1 1 1 1 1 1 1 1 1 1 1
1.16 1.16 1.16 1.16 1.16 1.16 1.16 1.16 1.16 1.16 1.16 1.16 1.16 1.16 1.16 1.16 1.16 1.16
1.49 1.49 1.49 1.49 1.49 1.49 1.49 1.49 1.49 1.49 1.49 1.49 1.49 1.49 1.49 1.49 1.49 1.49

females

1 1 1 1 1 1 1 1 1 1 1 1 1 1 1 1 1 1
1.16 1.16 1.16 1.16 1.16 1.16 1.16 1.16 1.16 1.16 1.16 1.16 1.16 1.16 1.16 1.16 1.16 1.16
1.49 1.49 1.49 1.49 1.49 1.49 1.49 1.49 1.49 1.49 1.49 1.49 1.49 1.49 1.49 1.49 1.49 1.49

Diabetes_prevalence_males

1. 1. 1. 1. 1. 1. 1. 1. 1. 1. 1. 1. 1. 1. 1. 1. 1. 1. 
2.46 2.46 2.46 2.46 2.46 2.46 2.46 2.46 2.46 2.46 2.46 2.46 2.46 2.46 2.46 2.46 2.46 2.46
1.86 1.86 1.86 1.86 1.86 1.86 1.86 1.86 1.86 1.86 1.86 1.86 1.86 1.86 1.86 1.86 1.86 1.86

Diabetes_prevalence_females

1. 1. 1. 1. 1. 1. 1. 1. 1. 1. 1. 1. 1. 1. 1. 1. 1. 1. 
2.46 2.46 2.46 2.46 2.46 2.46 2.46 2.46 2.46 2.46 2.46 2.46 2.46 2.46 2.46 2.46 2.46 2.46
1.86 1.86 1.86 1.86 1.86 1.86 1.86 1.86 1.86 1.86 1.86 1.86 1.86 1.86 1.86 1.86 1.86 1.86


