(* RR's for all cause mortality. CVA and CHD incidence.   
within event type specified by gender. within gender by SBP-class
	(<120.120-140.140-160.160-180mmHg&no medication. >=180mmHg|medication).  
      within SBP-class by 5-years ageclasses (rest ageclass 85+)
      Notes: RR's for last class were calculated as RR's for >=160mmHg & no medication


21-12-05 L. Kok: RR's voor 8 bloeddrukklassen. Risicoreducties toegepast voor behandeling met anti-hypertensiva (12% voor all-cause mort..
		 15% voor AMI. 34% voor stroke en 42% voor CHF). Het CZM zet RR'S die kleiner zijn dan 1 op 1. Om die reden is klasse 5
		 referentie-klasse geworden en zijn de RR's van klasse 1 t/m 4 op papier verhoogd.
		 De risicoreductiegetallen zijn gebaseerd op 24 trials.



Source: RR SBP report 2005 *)

#event-types	5

all_cause_mortality		0

males  

1. 1. 1. 1. 1. 1. 1. 1. 1. 1. 1. 1. 1. 1. 1. 1. 1. 1. 
1.17986 1.17986 1.17986 1.17986 1.17986 1.17986 1.17986 1.20398 1.20008 1.20957 1.20798 1.17876 1.17656 1.14484 1.10996 1.08519 1.03931 1. 
1.43745 1.43745 1.43745 1.43745 1.43745 1.43745 1.43745 1.48259 1.50045 1.46865 1.48958 1.40103 1.3796 1.30247 1.2488 1.16872 1.07899 1. 
1.8198 1.8198 1.8198 1.8198 1.8198 1.8198 1.8198 1.99708 1.84156 1.8913 1.94733 1.72551 1.72407 1.53106 1.43073 1.28497 1.14219 1. 
1.14	1.14	1.14	1.14	1.14	1.14	1.14	1.14	1.14	1.14	1.14	1.14	1.14	1.14	1.14	1.14	1.14	1.14
1.34	1.34	1.34	1.34	1.34	1.34	1.34	1.37	1.36	1.37	1.37	1.34	1.34	1.30	1.26	1.23	1.18	1.14
1.63	1.63	1.63	1.63	1.63	1.63	1.63	1.68	1.71	1.67	1.69	1.59	1.57	1.48	1.42	1.33	1.23	1.14
2.07	2.07	2.07	2.07	2.07	2.07	2.07	2.27	2.09	2.15	2.21	1.96	1.96	1.74	1.63	1.46	1.30	1.14

females  

1. 1. 1. 1. 1. 1. 1. 1. 1. 1. 1. 1. 1. 1. 1. 1. 1. 1. 
1.23237 1.23237 1.23237 1.23237 1.23237 1.23237 1.23237 1.25037 1.24681 1.25541 1.24944 1.19936 1.18509 1.14895 1.12074 1.07638 1.0396 1. 
1.52207 1.52207 1.52207 1.52207 1.52207 1.52207 1.52207 1.57754 1.52941 1.55357 1.55902 1.43726 1.39712 1.30089 1.24656 1.16027 1.07947 1. 
1.7769 1.7769 1.7769 1.7769 1.7769 1.7769 1.7769 1.97349 1.98306 1.98631 1.93826 1.80768 1.71355 1.51556 1.43645 1.26361 1.13744 1. 
1.14	1.14	1.14	1.14	1.14	1.14	1.14	1.14	1.14	1.14	1.14	1.14	1.14	1.14	1.14	1.14	1.14	1.14
1.40	1.40	1.40	1.40	1.40	1.40	1.40	1.42	1.42	1.43	1.42	1.36	1.35	1.31	1.27	1.22	1.18	1.14
1.73	1.73	1.73	1.73	1.73	1.73	1.73	1.79	1.74	1.77	1.77	1.63	1.59	1.48	1.42	1.32	1.23	1.14
2.02	2.02	2.02	2.02	2.02	2.02	2.02	2.24	2.25	2.26	2.20	2.05	1.95	1.72	1.63	1.44	1.29	1.14

AMI=CHD_incidence		1

males  

1. 1. 1. 1. 1. 1. 1. 1. 1. 1. 1. 1. 1. 1. 1. 1. 1. 1. 
1.37047 1.37047 1.37047 1.37047 1.37047 1.37047 1.37047 1.40366 1.41368 1.41561 1.37412 1.35009 1.34478 1.32235 1.24459 1.243 1.2039 1.16165 
1.99657 1.99657 1.99657 1.99657 1.99657 1.99657 1.99657 2.05306 2.16017 2.01791 1.95477 1.85049 1.79726 1.72613 1.59364 1.51415 1.44182 1.34374 
3.12937 3.12937 3.12937 3.12937 3.12937 3.12937 3.12937 3.53772 3.18681 3.20294 3.06789 2.70648 2.69757 2.41066 2.11972 1.94872 1.89625 1.67647 
1.18	1.18	1.18	1.18	1.18	1.18	1.18	1.18	1.18	1.18	1.18	1.18	1.18	1.18	1.18	1.18	1.18	1.18
1.61	1.61	1.61	1.61	1.61	1.61	1.61	1.65	1.66	1.67	1.62	1.59	1.58	1.56	1.46	1.46	1.42	1.37
2.35	2.35	2.35	2.35	2.35	2.35	2.35	2.42	2.54	2.37	2.30	2.18	2.11	2.03	1.87	1.78	1.70	1.58
3.68	3.68	3.68	3.68	3.68	3.68	3.68	4.16	3.75	3.77	3.61	3.18	3.17	2.84	2.49	2.29	2.23	1.97

females  

1. 1. 1. 1. 1. 1. 1. 1. 1. 1. 1. 1. 1. 1. 1. 1. 1. 1. 
1.48902 1.48902 1.48902 1.48902 1.48902 1.48902 1.48902 1.50403 1.51998 1.51513 1.45438 1.39345 1.3626 1.33219 1.27008 1.21636 1.20552 1.16291 
2.22646 2.22646 2.22646 2.22646 2.22646 2.22646 2.22646 2.29955 2.23999 2.23614 2.11046 1.93876 1.83905 1.72181 1.58766 1.48519 1.44493 1.34609 
2.9903 2.9903 2.9903 2.9903 2.9903 2.9903 2.9903 3.46175 3.66758 3.50296 3.04391 2.94632 2.66765 2.36053 2.13754 1.86372 1.85856 1.64951 
1.18	1.18	1.18	1.18	1.18	1.18	1.18	1.18	1.18	1.18	1.18	1.18	1.18	1.18	1.18	1.18	1.18	1.18
1.75	1.75	1.75	1.75	1.75	1.75	1.75	1.77	1.79	1.78	1.71	1.64	1.60	1.57	1.49	1.43	1.42	1.37
2.62	2.62	2.62	2.62	2.62	2.62	2.62	2.71	2.64	2.63	2.48	2.28	2.16	2.03	1.87	1.75	1.70	1.58
3.52	3.52	3.52	3.52	3.52	3.52	3.52	4.07	4.31	4.12	3.58	3.47	3.14	2.78	2.51	2.19	2.19	1.94

other_CHD=CHD_incidence		2

males  

1. 1. 1. 1. 1. 1. 1. 1. 1. 1. 1. 1. 1. 1. 1. 1. 1. 1. 
1.37047 1.37047 1.37047 1.37047 1.37047 1.37047 1.37047 1.40366 1.41368 1.41561 1.37412 1.35009 1.34478 1.32235 1.24459 1.243 1.2039 1.16165 
1.99657 1.99657 1.99657 1.99657 1.99657 1.99657 1.99657 2.05306 2.16017 2.01791 1.95477 1.85049 1.79726 1.72613 1.59364 1.51415 1.44182 1.34374 
3.12937 3.12937 3.12937 3.12937 3.12937 3.12937 3.12937 3.53772 3.18681 3.20294 3.06789 2.70648 2.69757 2.41066 2.11972 1.94872 1.89625 1.67647 
1.18	1.18	1.18	1.18	1.18	1.18	1.18	1.18	1.18	1.18	1.18	1.18	1.18	1.18	1.18	1.18	1.18	1.18
1.61	1.61	1.61	1.61	1.61	1.61	1.61	1.65	1.66	1.67	1.62	1.59	1.58	1.56	1.46	1.46	1.42	1.37
2.35	2.35	2.35	2.35	2.35	2.35	2.35	2.42	2.54	2.37	2.30	2.18	2.11	2.03	1.87	1.78	1.70	1.58
3.68	3.68	3.68	3.68	3.68	3.68	3.68	4.16	3.75	3.77	3.61	3.18	3.17	2.84	2.49	2.29	2.23	1.97

females  

1. 1. 1. 1. 1. 1. 1. 1. 1. 1. 1. 1. 1. 1. 1. 1. 1. 1. 
1.48902 1.48902 1.48902 1.48902 1.48902 1.48902 1.48902 1.50403 1.51998 1.51513 1.45438 1.39345 1.3626 1.33219 1.27008 1.21636 1.20552 1.16291 
2.22646 2.22646 2.22646 2.22646 2.22646 2.22646 2.22646 2.29955 2.23999 2.23614 2.11046 1.93876 1.83905 1.72181 1.58766 1.48519 1.44493 1.34609 
2.9903 2.9903 2.9903 2.9903 2.9903 2.9903 2.9903 3.46175 3.66758 3.50296 3.04391 2.94632 2.66765 2.36053 2.13754 1.86372 1.85856 1.64951 
1.18	1.18	1.18	1.18	1.18	1.18	1.18	1.18	1.18	1.18	1.18	1.18	1.18	1.18	1.18	1.18	1.18	1.18
1.75	1.75	1.75	1.75	1.75	1.75	1.75	1.77	1.79	1.78	1.71	1.64	1.60	1.57	1.49	1.43	1.42	1.37
2.62	2.62	2.62	2.62	2.62	2.62	2.62	2.71	2.64	2.63	2.48	2.28	2.16	2.03	1.87	1.75	1.70	1.58
3.52	3.52	3.52	3.52	3.52	3.52	3.52	4.07	4.31	4.12	3.58	3.47	3.14	2.78	2.51	2.19	2.19	1.94

CHF_incidence			3

males  

1. 1. 1. 1. 1. 1. 1. 1. 1. 1. 1. 1. 1. 1. 1. 1. 1. 1. 
1.35271 1.35271 1.35271 1.35271 1.35271 1.35271 1.35271 1.32967 1.28747 1.26446 1.22601 1.19731 1.17656 1.16633 1.12877 1.12914 1.09965 1.07935 
1.94024 1.94024 1.94024 1.94024 1.94024 1.94024 1.94024 1.83025 1.75442 1.60638 1.53688 1.44662 1.3796 1.35066 1.29432 1.26066 1.206 1.1625 
2.98504 2.98504 2.98504 2.98504 2.98504 2.98504 2.98504 2.89128 2.33016 2.19438 2.05183 1.81724 1.72407 1.6234 1.51574 1.45138 1.38758 1.30123 
1.72	1.72	1.72	1.72	1.72	1.72	1.72	1.72	1.72	1.72	1.72	1.72	1.72	1.72	1.72	1.72	1.72	1.72
2.33	2.33	2.33	2.33	2.33	2.33	2.33	2.29	2.22	2.18	2.11	2.06	2.03	2.01	1.95	1.95	1.90	1.86
3.35	3.35	3.35	3.35	3.35	3.35	3.35	3.16	3.02	2.77	2.65	2.49	2.38	2.33	2.23	2.17	2.08	2.00
5.15	5.15	5.15	5.15	5.15	5.15	5.15	4.98	4.02	3.78	3.54	3.13	2.97	2.80	2.61	2.50	2.39	2.24

females  

1. 1. 1. 1. 1. 1. 1. 1. 1. 1. 1. 1. 1. 1. 1. 1. 1. 1. 
1.46469 1.46469 1.46469 1.46469 1.46469 1.46469 1.46469 1.40912 1.35743 1.32382 1.27146 1.22024 1.18509 1.1711 1.14151 1.11556 1.10041 1.07995 
2.15391 2.15391 2.15391 2.15391 2.15391 2.15391 2.15391 2.0132 1.8015 1.7217 1.61427 1.48763 1.39712 1.3488 1.29163 1.24714 1.20733 1.16353 
2.85775 2.85775 2.85775 2.85775 2.85775 2.85775 2.85775 2.83902 2.58181 2.33112 2.04153 1.91221 1.71355 1.60473 1.52278 1.41568 1.37339 1.29053 
1.72	1.72	1.72	1.72	1.72	1.72	1.72	1.72	1.72	1.72	1.72	1.72	1.72	1.72	1.72	1.72	1.72	1.72
2.53	2.53	2.53	2.53	2.53	2.53	2.53	2.43	2.34	2.28	2.19	2.10	2.04	2.02	1.97	1.92	1.90	1.86
3.71	3.71	3.71	3.71	3.71	3.71	3.71	3.47	3.11	2.97	2.78	2.56	2.41	2.33	2.23	2.15	2.08	2.01
4.93	4.93	4.93	4.93	4.93	4.93	4.93	4.89	4.45	4.02	3.52	3.30	2.95	2.77	2.63	2.44	2.37	2.23

CVA_incidence			4

males  

1. 1. 1. 1. 1. 1. 1. 1. 1. 1. 1. 1. 1. 1. 1. 1. 1. 1. 
1.44237 1.44237 1.44237 1.44237 1.44237 1.44237 1.44237 1.4792 1.46913 1.47405 1.43139 1.40935 1.41057 1.36873 1.28431 1.26646 1.2039 1.1408 
2.23358 2.23358 2.23358 2.23358 2.23358 2.23358 2.23358 2.29454 2.35321 2.18975 2.13057 2.02089 1.97546 1.84637 1.7039 1.56911 1.44182 1.2966 
3.76564 3.76564 3.76564 3.76564 3.76564 3.76564 3.76564 4.30082 3.62489 3.66773 3.54315 3.121 3.16569 2.68706 2.36111 2.06372 1.89625 1.57497 
1.52	1.52	1.52	1.52	1.52	1.52	1.52	1.52	1.52	1.52	1.52	1.52	1.52	1.52	1.52	1.52	1.52	1.52
2.19	2.19	2.19	2.19	2.19	2.19	2.19	2.24	2.23	2.23	2.17	2.14	2.14	2.07	1.95	1.92	1.82	1.73
3.38	3.38	3.38	3.38	3.38	3.38	3.38	3.48	3.57	3.32	3.23	3.06	2.99	2.80	2.58	2.38	2.18	1.96
5.71	5.71	5.71	5.71	5.71	5.71	5.71	6.52	5.49	5.56	5.37	4.73	4.80	4.07	3.58	3.13	2.87	2.39

females  

1. 1. 1. 1. 1. 1. 1. 1. 1. 1. 1. 1. 1. 1. 1. 1. 1. 1. 
1.58837 1.58837 1.58837 1.58837 1.58837 1.58837 1.58837 1.60198 1.59238 1.59022 1.52608 1.46121 1.4323 1.38018 1.31443 1.237 1.20552 1.14189 
2.53519 2.53519 2.53519 2.53519 2.53519 2.53519 2.53519 2.61547 2.45002 2.45574 2.32303 2.13145 2.0289 1.84119 1.69659 1.53654 1.44493 1.29859 
3.57185 3.57185 3.57185 3.57185 3.57185 3.57185 3.57185 4.19437 4.23741 4.05331 3.51191 3.43911 3.12496 2.62438 2.38382 1.96615 1.85856 1.55268 
1.52	1.52	1.52	1.52	1.52	1.52	1.52	1.52	1.52	1.52	1.52	1.52	1.52	1.52	1.52	1.52	1.52	1.52
2.41	2.41	2.41	2.41	2.41	2.41	2.41	2.43	2.41	2.41	2.31	2.21	2.17	2.09	1.99	1.87	1.83	1.73
3.84	3.84	3.84	3.84	3.84	3.84	3.84	3.96	3.71	3.72	3.52	3.23	3.07	2.79	2.57	2.33	2.19	1.97
5.41	5.41	5.41	5.41	5.41	5.41	5.41	6.36	6.42	6.14	5.32	5.21	4.73	3.98	3.61	2.98	2.82	2.35



