(* RR transvet
all cause AMI other CHD
specified by class gender and 5-year ageclass

calculated using Clarks' formula on effect through total and HDL cholsterol

Source: Ons eten gemeten 2004 *)

#event-types	3

all_cause_mortality		0

males

1 1 1 1 1 1 1 1 1 1 1 1 1 1 1 1 1 1
1 1 1 1 1 1 1 1 1 1 1 1 1 1 1 1 1 1
1 1 1 1 1 1 1 1 1 1 1 1 1 1 1 1 1 1 
1 1 1 1 1 1 1 1 1 1 1 1 1 1 1 1 1 1

females

1 1 1 1 1 1 1 1 1 1 1 1 1 1 1 1 1 1 
1 1 1 1 1 1 1 1 1 1 1 1 1 1 1 1 1 1 
1 1 1 1 1 1 1 1 1 1 1 1 1 1 1 1 1 1 
1 1 1 1 1 1 1 1 1 1 1 1 1 1 1 1 1 1

AMI_incidence			1

males

1. 1. 1. 1. 1. 1. 1. 1. 1. 1. 1. 1. 1. 1. 1. 1. 1. 1. 
1.05266 1.05266 1.05266 1.05266 1.05266 1.05266 1.05266 1.05266 1.05266 1.05266 1.05266 1.05266 1.05266 1.05266 1.05266 1.05266 1.05266 1.05266 
1.11057 1.11057 1.11057 1.11057 1.11057 1.11057 1.11057 1.11057 1.11057 1.11057 1.11057 1.11057 1.11057 1.11057 1.11057 1.11057 1.11057 1.11057 
1.26968 1.26968 1.26968 1.26968 1.26968 1.26968 1.26968 1.26968 1.26968 1.26968 1.26968 1.26968 1.26968 1.26968 1.26968 1.26968 1.26968 1.26968

females

1. 1. 1. 1. 1. 1. 1. 1. 1. 1. 1. 1. 1. 1. 1. 1. 1. 1. 
1.05266 1.05266 1.05266 1.05266 1.05266 1.05266 1.05266 1.05266 1.05266 1.05266 1.05266 1.05266 1.05266 1.05266 1.05266 1.05266 1.05266 1.05266 
1.11057 1.11057 1.11057 1.11057 1.11057 1.11057 1.11057 1.11057 1.11057 1.11057 1.11057 1.11057 1.11057 1.11057 1.11057 1.11057 1.11057 1.11057
1.26968 1.26968 1.26968 1.26968 1.26968 1.26968 1.26968 1.26968 1.26968 1.26968 1.26968 1.26968 1.26968 1.26968 1.26968 1.26968 1.26968 1.26968

other_CHD_incidence		2

males

1. 1. 1. 1. 1. 1. 1. 1. 1. 1. 1. 1. 1. 1. 1. 1. 1. 1. 
1.05266 1.05266 1.05266 1.05266 1.05266 1.05266 1.05266 1.05266 1.05266 1.05266 1.05266 1.05266 1.05266 1.05266 1.05266 1.05266 1.05266 1.05266 
1.11057 1.11057 1.11057 1.11057 1.11057 1.11057 1.11057 1.11057 1.11057 1.11057 1.11057 1.11057 1.11057 1.11057 1.11057 1.11057 1.11057 1.11057 
1.26968 1.26968 1.26968 1.26968 1.26968 1.26968 1.26968 1.26968 1.26968 1.26968 1.26968 1.26968 1.26968 1.26968 1.26968 1.26968 1.26968 1.26968

females

1. 1. 1. 1. 1. 1. 1. 1. 1. 1. 1. 1. 1. 1. 1. 1. 1. 1. 
1.05266 1.05266 1.05266 1.05266 1.05266 1.05266 1.05266 1.05266 1.05266 1.05266 1.05266 1.05266 1.05266 1.05266 1.05266 1.05266 1.05266 1.05266 
1.11057 1.11057 1.11057 1.11057 1.11057 1.11057 1.11057 1.11057 1.11057 1.11057 1.11057 1.11057 1.11057 1.11057 1.11057 1.11057 1.11057 1.11057
1.26968 1.26968 1.26968 1.26968 1.26968 1.26968 1.26968 1.26968 1.26968 1.26968 1.26968 1.26968 1.26968 1.26968 1.26968 1.26968 1.26968 1.26968

