(* RR's verzadigd vet
all cause AMI other CHD 
specified by gender, class, and 5-year ageclass
calculated using Clarks' formula on effect through total cholesterol

Source: Ons eten gemeten 2004*)

#event-types	3

all_cause_mortality		0

males

1 1 1 1 1 1 1 1 1 1 1 1 1 1 1 1 1 1 
1 1 1 1 1 1 1 1 1 1 1 1 1 1 1 1 1 1 
1 1 1 1 1 1 1 1 1 1 1 1 1 1 1 1 1 1 
1 1 1 1 1 1 1 1 1 1 1 1 1 1 1 1 1 1 
1 1 1 1 1 1 1 1 1 1 1 1 1 1 1 1 1 1

females

1 1 1 1 1 1 1 1 1 1 1 1 1 1 1 1 1 1 
1 1 1 1 1 1 1 1 1 1 1 1 1 1 1 1 1 1 
1 1 1 1 1 1 1 1 1 1 1 1 1 1 1 1 1 1 
1 1 1 1 1 1 1 1 1 1 1 1 1 1 1 1 1 1 
1 1 1 1 1 1 1 1 1 1 1 1 1 1 1 1 1 1

AMI_incidence			1

males

1. 1. 1. 1. 1. 1. 1. 1. 1. 1. 1. 1. 1. 1. 1. 1. 1. 1 
1.08421 1.08421 1.08421 1.08421 1.08421 1.08421 1.08421 1.06878 1.05605 1.04767 1.04159 1.03657 1.03172 1.02643 1.0208 1.01498 1.00898 1 
1.15281 1.15281 1.15281 1.15281 1.15281 1.15281 1.15281 1.12411 1.10068 1.08536 1.07429 1.06521 1.05645 1.04696 1.03687 1.0265 1.01584 1 
1.22799 1.22799 1.22799 1.22799 1.22799 1.22799 1.22799 1.18407 1.1486 1.12558 1.10904 1.09552 1.08254 1.06852 1.05368 1.0385 1.02296 1 
1.34846 1.34846 1.34846 1.34846 1.34846 1.34846 1.34846 1.27884 1.22345 1.18792 1.1626 1.14203 1.12239 1.10128 1.07909 1.05653 1.0336 1

females

1. 1. 1. 1. 1. 1. 1. 1. 1. 1. 1. 1. 1. 1. 1. 1. 1. 1 
1.08421 1.08421 1.08421 1.08421 1.08421 1.08421 1.08421 1.06878 1.05605 1.04767 1.04159 1.03657 1.03172 1.02643 1.0208 1.01498 1.00898 1 
1.15281 1.15281 1.15281 1.15281 1.15281 1.15281 1.15281 1.12411 1.10068 1.08536 1.07429 1.06521 1.05645 1.04696 1.03687 1.0265 1.01584 1 
1.22799 1.22799 1.22799 1.22799 1.22799 1.22799 1.22799 1.18407 1.1486 1.12558 1.10904 1.09552 1.08254 1.06852 1.05368 1.0385 1.02296 1 
1.34846 1.34846 1.34846 1.34846 1.34846 1.34846 1.34846 1.27884 1.22345 1.18792 1.1626 1.14203 1.12239 1.10128 1.07909 1.05653 1.0336 1

other_CHD_incidence		2

males

1. 1. 1. 1. 1. 1. 1. 1. 1. 1. 1. 1. 1. 1. 1. 1. 1. 1 
1.08421 1.08421 1.08421 1.08421 1.08421 1.08421 1.08421 1.06878 1.05605 1.04767 1.04159 1.03657 1.03172 1.02643 1.0208 1.01498 1.00898 1 
1.15281 1.15281 1.15281 1.15281 1.15281 1.15281 1.15281 1.12411 1.10068 1.08536 1.07429 1.06521 1.05645 1.04696 1.03687 1.0265 1.01584 1 
1.22799 1.22799 1.22799 1.22799 1.22799 1.22799 1.22799 1.18407 1.1486 1.12558 1.10904 1.09552 1.08254 1.06852 1.05368 1.0385 1.02296 1 
1.34846 1.34846 1.34846 1.34846 1.34846 1.34846 1.34846 1.27884 1.22345 1.18792 1.1626 1.14203 1.12239 1.10128 1.07909 1.05653 1.0336 1

females

1. 1. 1. 1. 1. 1. 1. 1. 1. 1. 1. 1. 1. 1. 1. 1. 1. 1 
1.08421 1.08421 1.08421 1.08421 1.08421 1.08421 1.08421 1.06878 1.05605 1.04767 1.04159 1.03657 1.03172 1.02643 1.0208 1.01498 1.00898 1 
1.15281 1.15281 1.15281 1.15281 1.15281 1.15281 1.15281 1.12411 1.10068 1.08536 1.07429 1.06521 1.05645 1.04696 1.03687 1.0265 1.01584 1 
1.22799 1.22799 1.22799 1.22799 1.22799 1.22799 1.22799 1.18407 1.1486 1.12558 1.10904 1.09552 1.08254 1.06852 1.05368 1.0385 1.02296 1 
1.34846 1.34846 1.34846 1.34846 1.34846 1.34846 1.34846 1.27884 1.22345 1.18792 1.1626 1.14203 1.12239 1.10128 1.07909 1.05653 1.0336 1

