(* Toelichting: Onderstaand prevalenties voor 8 bloeddruk- en cholesterolklassen. De prevalenties voor de leeftjdsklassen
30-34 t/m 55-59 komen uit Morgen (bloeddruk) en Doetinchem (cholesterol). De prevalenties voor de leeftijdsklassen vanaf
70-74 komen uit ERGO. De prevalenties voor de twee tussenliggende leeftijdsklassen zijn gewogen gemiddelden van beide cohorten.
Op de prevalenties uit de genoemde cohorten is een correctiefactor toegepast, die gebaseerd is op gegevens uit NS2. 

definition classes: medication (cut-off) 120, 140, 160 mmHg, non-medication (same cut-off points)

class transition rates derived from class prevalence rates
specified by gender.
within gender by class transition.
within class transition by 5 year age class rest class 85+ *)

#classes 8

class_prevalence_rates_males

div 100

0	0	0	0	0	0	0	0.1	0.2	0.1	0.4	0.2	0.5	0.4	0.7	0.3	1.8	2.7
0.3	0.3	0.3	0.3	0.3	0	0.3	0.3	0.9	1.1	2.0	3.3	4.2	4.3	5.6	6.5	5.9	9.9
0	0	0	0	0	0.1	0.1	0.6	1.0	2.7	4.3	6.8	5.1	10.0	10.1	12.9	14.9	11.2
0	0	0	0	0	0	0.1	0.1	0.3	0.8	2.3	3.6	8.4	9.8	14.8	15.3	17.1	15.2
53.6	53.6	53.6	53.6	53.6	50.1	51.7	47.1	46.3	37.6	28.5	23.8	14.5	7.1	4.7	3.2	3.7	4.2
41.5	41.5	41.5	41.5	41.5	43.7	41.8	43.0	42.4	43.0	44.1	40.2	34.8	23.8	20.0	16.3	10.6	13.3
4.6	4.6	4.6	4.6	4.6	5.9	5.3	8.0	8.3	11.9	14.8	16.8	22.9	27.1	22.7	24.6	27.2	24.4
0	0	0	0	0	0.1	0.8	0.9	0.7	2.9	3.6	5.3	9.9	17.6	21.3	20.9	18.7	19.0


class_prevalence_rates_females

div 100

0.2	0.2	0.2	0.2	0.2	0.1	0.1	0.1	0.4	0.3	0.2	0.7	0.7	1.2	1.1	1.0	1.9	2.9
0.1	0.1	0.1	0.1	0.1	0.5	0.4	0.8	1.2	2.7	3.7	4.8	5.5	5.6	5.7	5.4	6.1	8.4
0	0	0	0	0	0.2	0.3	0.6	1.4	2.5	4.8	6.1	7.1	9.9	12.6	16.1	17.6	13.9
0	0	0	0	0	0	0.1	0.1	0.4	0.9	1.9	3.7	6.6	9.7	15.2	18.5	20.6	20.5
82.8	82.8	82.8	82.8	82.8	81.1	80.2	72.9	66.5	53.4	41.7	32.4	19.0	10.0	5.4	3.7	3.9	3.7
16	16	16	16	16	17	17.5	22.3	24.9	30.9	35.0	36.0	33.8	28.1	16.6	14.0	11.5	12.2
1	1	1	1	1	0.9	1.1	2.9	4.4	7.6	9.8	12.5	19.2	21.1	22.8	22.7	19.5	18.1
0	0	0	0	0	0.2	0.2	0.3	0.9	1.7	2.9	3.9	8.2	14.4	20.6	18.8	18.9	20.1

#transitions 7

5 6
6 7
7 8
5 1
6 2
7 3
8 4

class_transition_rates_males

div 1


 0 0 0 0.001 0.003 0.004 0.007 0.014 0.025 0.04 0.057 0.075 0.083 0.068 0.037 0.01 0 0
 0 0 0 0 0.001 0.004 0.008 0.013 0.021 0.033 0.049 0.063 0.067 0.054 0.03 0.01 0.001 0
 0 0 0 0.008 0.027 0.031 0.026 0.023 0.033 0.053 0.074 0.082 0.073 0.054 0.034 0.021 0.019 .017
 0 0 0 0 0 0 0 0 0 0 0.001 0.001 0 0 0.00 0.00 0.00 .00
 0 0 0 0 0.001 0.001 0.002 0.003 0.005 0.005 0.005 0.004 0.002 0.001 0 0.00 0.00 .00
 0 0 0 0.001 0.008 0.015 0.023 0.03 0.035 0.033 0.028 0.022 0.019 0.017 0.013 0.007 0.002 0
 0 0 0 0.005 0.016 0.014 0.016 0.034 0.065 0.091 0.099 0.084 0.052 0.022 0.005 0 0 0

class_transition_rates_females

div 1

 0 0 0 0 0.002 0.005 0.011 0.02 0.03 0.042 0.059 0.081 0.103 0.11 0.087 0.043 0.009 0
 0 0 0 0.001 0.004 0.009 0.016 0.024 0.031 0.04 0.054 0.074 0.091 0.097 0.082 0.049 0.016 0
 0 0 0 0.008 0.027 0.031 0.026 0.023 0.033 0.053 0.074 0.082 0.073 0.054 0.034 0.021 0.019 .017
 0 0 0 0 0 0 0 0 0 0 0.001 0.001 0 0 0.00 0.00 0.00 .00
 0 0 0 0 0.001 0.001 0.002 0.003 0.005 0.005 0.005 0.004 0.002 0.001 0 0.00 0.00 .00
 0 0 0 0.001 0.008 0.015 0.023 0.03 0.035 0.033 0.028 0.022 0.019 0.017 0.013 0.007 0.002 0
 0 0 0 0.005 0.016 0.014 0.016 0.034 0.065 0.091 0.099 0.084 0.052 0.022 0.005 0 0 0
