(* transvetzuur(feb_2004)
prevalence rates specified by gender,
within gender by class (grenswaarden 1.0 ,1.5 2 en%)
within class by 5-year ageclass

transition rates = 0

Source: Ons eten gemeten 2004 *)

#classes 4

prevalence_rates_males

div 100

22.11 22.11 22.11 22.11 22.11 22.11 20.67 20.67 22.54 22.54 25.81 25.81 26.09 26.09 27.03 27.03 27.03 27.03 
31.62 31.62 31.62 31.62 31.62 31.62 31.78 31.78 35.81 35.81 37.54 37.54 41.06 41.06 41.62 41.62 41.62 41.62
17.74 17.74 17.74 17.74 17.74 17.74 18.67 18.67 19.92 19.92 16.72 16.72 18.36 18.36 20.54 20.54 20.54 20.54
28.53 28.53 28.53 28.53 28.53 28.53 28.89 28.89 21.73 21.73 19.94 19.94 14.49 14.49 10.81 10.81 10.81 10.81

prevalence_rates_females

div 100

15.78 15.78 15.78 15.78 15.78 15.78 15.78 15.78 19.   19.   25.47 25.47 21.51 21.51 20.39 20.39 20.39 20.39 
26.64 26.64 26.64 26.64 26.64 26.64 26.64 26.64 31.43 31.43 34.15 34.15 41.89 41.89 42.72 42.72 42.72 42.72
20.08 20.08 20.08 20.08 20.08 20.08 20.08 20.08 24.35 24.35 18.7  18.7  20.   20.   24.27 24.27 24.27 24.27 
37.5  37.5  37.5  37.5  37.5  37.5  37.5  37.5  25.22 25.22 21.68 21.68 16.6  16.6  12.62 12.62 12.62 12.62

#transitions 12

1 2
1 3
1 4

2 3
2 4

3 4

2 1
3 1
4 1

3 2
4 2

4 3

transition_rates_males

div 1

0 0 0 0 0 0 0 0 0 0 0 0 0 0 0 0 0 0
0 0 0 0 0 0 0 0 0 0 0 0 0 0 0 0 0 0
0 0 0 0 0 0 0 0 0 0 0 0 0 0 0 0 0 0

0 0 0 0 0 0 0 0 0 0 0 0 0 0 0 0 0 0
0 0 0 0 0 0 0 0 0 0 0 0 0 0 0 0 0 0

0 0 0 0 0 0 0 0 0 0 0 0 0 0 0 0 0 0

0 0 0 0 0 0 0 0 0 0 0 0 0 0 0 0 0 0
0 0 0 0 0 0 0 0 0 0 0 0 0 0 0 0 0 0
0 0 0 0 0 0 0 0 0 0 0 0 0 0 0 0 0 0

0 0 0 0 0 0 0 0 0 0 0 0 0 0 0 0 0 0
0 0 0 0 0 0 0 0 0 0 0 0 0 0 0 0 0 0

0 0 0 0 0 0 0 0 0 0 0 0 0 0 0 0 0 0

transition_rates_females

div 1

0 0 0 0 0 0 0 0 0 0 0 0 0 0 0 0 0 0
0 0 0 0 0 0 0 0 0 0 0 0 0 0 0 0 0 0
0 0 0 0 0 0 0 0 0 0 0 0 0 0 0 0 0 0

0 0 0 0 0 0 0 0 0 0 0 0 0 0 0 0 0 0
0 0 0 0 0 0 0 0 0 0 0 0 0 0 0 0 0 0

0 0 0 0 0 0 0 0 0 0 0 0 0 0 0 0 0 0

0 0 0 0 0 0 0 0 0 0 0 0 0 0 0 0 0 0
0 0 0 0 0 0 0 0 0 0 0 0 0 0 0 0 0 0
0 0 0 0 0 0 0 0 0 0 0 0 0 0 0 0 0 0

0 0 0 0 0 0 0 0 0 0 0 0 0 0 0 0 0 0
0 0 0 0 0 0 0 0 0 0 0 0 0 0 0 0 0 0

0 0 0 0 0 0 0 0 0 0 0 0 0 0 0 0 0 0



