(* verzadigd_vet(feb2004)
prevalence rates specified by gender,
within gender by class (grenswaarden 10.0 ,12.5, 15.0 17.5 en%)
within class by 5-year ageclass

transition rates = 0

Source: Ons eten gemeten 2004 *)

#classes 5

prevalence_rates_males

div 100

12.6  12.6  12.6  12.6  12.6  12.6   6.44  6.44  7.04  7.04  6.45 6.45  10.14 10.14  5.95  5.95  5.95  5.95 
26.74 26.74 26.74 26.74 26.74 26.74 19.78 19.78 17.71 17.71 20.82 20.82 17.87 17.87 18.92 18.92 18.92 18.92 
28.02 28.02 28.02 28.02 28.02 28.02 32.89 32.89 33.6  33.6  32.55 32.55 27.05 27.05 28.65 28.65 28.65 28.65
21.59 21.59 21.59 21.59 21.59 21.59 27.56 27.56 25.55 25.55 24.63 24.63 20.77 20.77 25.95 25.95 25.95 25.95
11.05 11.05 11.05 11.05 11.05 11.05 13.33 13.33 16.1  16.1  15.54 15.54 24.15 24.15 20.54 20.54 20.54 20.54

prevalence_rates_females

div 100

 9.02  9.02  9.02  9.02  9.02  9.02  7.88  7.88  5.7   5.7   7.59  7.59 10.57 10.57  6.8   6.8   6.8   6.8
20.08 20.08 20.08 20.08 20.08 20.08 16.14 16.14 18.31 18.31 21.68 21.68 13.21 13.21 12.94 12.94 12.94 12.94 
36.89 36.89 36.89 36.89 36.89 36.89 31.71 31.71 27.63 27.63 24.66 24.66 28.68 28.68 26.86 26.86 26.86 26.86
22.54 22.54 22.54 22.54 22.54 22.54 24.77 24.77 27.46 27.46 27.1  27.1  22.26 22.26 27.51 27.51 27.51 27.51 
11.48 11.48 11.48 11.48 11.48 11.48 19.51 19.51 20.9  20.9  18.97 18.97 25.28 25.28 25.89 25.89 25.89 25.89

#transitions 20

1 2
1 3
1 4
1 5

2 3
2 4
2 5

3 4
3 5

4 5

2 1
3 1
4 1
5 1

3 2
4 2
5 2

4 3
5 3

5 4

transition_rates_males

div 1

0 0 0 0 0 0 0 0 0 0 0 0 0 0 0 0 0 0
0 0 0 0 0 0 0 0 0 0 0 0 0 0 0 0 0 0
0 0 0 0 0 0 0 0 0 0 0 0 0 0 0 0 0 0
0 0 0 0 0 0 0 0 0 0 0 0 0 0 0 0 0 0

0 0 0 0 0 0 0 0 0 0 0 0 0 0 0 0 0 0
0 0 0 0 0 0 0 0 0 0 0 0 0 0 0 0 0 0
0 0 0 0 0 0 0 0 0 0 0 0 0 0 0 0 0 0

0 0 0 0 0 0 0 0 0 0 0 0 0 0 0 0 0 0
0 0 0 0 0 0 0 0 0 0 0 0 0 0 0 0 0 0

0 0 0 0 0 0 0 0 0 0 0 0 0 0 0 0 0 0

0 0 0 0 0 0 0 0 0 0 0 0 0 0 0 0 0 0
0 0 0 0 0 0 0 0 0 0 0 0 0 0 0 0 0 0
0 0 0 0 0 0 0 0 0 0 0 0 0 0 0 0 0 0
0 0 0 0 0 0 0 0 0 0 0 0 0 0 0 0 0 0

0 0 0 0 0 0 0 0 0 0 0 0 0 0 0 0 0 0
0 0 0 0 0 0 0 0 0 0 0 0 0 0 0 0 0 0
0 0 0 0 0 0 0 0 0 0 0 0 0 0 0 0 0 0

0 0 0 0 0 0 0 0 0 0 0 0 0 0 0 0 0 0
0 0 0 0 0 0 0 0 0 0 0 0 0 0 0 0 0 0

0 0 0 0 0 0 0 0 0 0 0 0 0 0 0 0 0 0

transition_rates_females

div 1

0 0 0 0 0 0 0 0 0 0 0 0 0 0 0 0 0 0
0 0 0 0 0 0 0 0 0 0 0 0 0 0 0 0 0 0
0 0 0 0 0 0 0 0 0 0 0 0 0 0 0 0 0 0
0 0 0 0 0 0 0 0 0 0 0 0 0 0 0 0 0 0

0 0 0 0 0 0 0 0 0 0 0 0 0 0 0 0 0 0
0 0 0 0 0 0 0 0 0 0 0 0 0 0 0 0 0 0
0 0 0 0 0 0 0 0 0 0 0 0 0 0 0 0 0 0

0 0 0 0 0 0 0 0 0 0 0 0 0 0 0 0 0 0
0 0 0 0 0 0 0 0 0 0 0 0 0 0 0 0 0 0

0 0 0 0 0 0 0 0 0 0 0 0 0 0 0 0 0 0

0 0 0 0 0 0 0 0 0 0 0 0 0 0 0 0 0 0
0 0 0 0 0 0 0 0 0 0 0 0 0 0 0 0 0 0
0 0 0 0 0 0 0 0 0 0 0 0 0 0 0 0 0 0
0 0 0 0 0 0 0 0 0 0 0 0 0 0 0 0 0 0

0 0 0 0 0 0 0 0 0 0 0 0 0 0 0 0 0 0
0 0 0 0 0 0 0 0 0 0 0 0 0 0 0 0 0 0
0 0 0 0 0 0 0 0 0 0 0 0 0 0 0 0 0 0

0 0 0 0 0 0 0 0 0 0 0 0 0 0 0 0 0 0
0 0 0 0 0 0 0 0 0 0 0 0 0 0 0 0 0 0

0 0 0 0 0 0 0 0 0 0 0 0 0 0 0 0 0 0
