(* consumptie vis(feb2004)
prevalence rates specified by gender,
within gender by class (0,<=2 <=4,>4/maand)
within class by 5-year ageclass
bron: ongewogen gemiddelde over MORGEN 93-96

transition rates = 0

Source: Ons eten gemeten 2004 *)

#classes 4

prevalence_rates_males

div 100

14.3 14.3 14.3 14.3 14.3 14.3  8.   8.   7.6  7.6 11.  11.  10.  10.  10.  10.  10.  10.
51.5 51.5 51.5 51.5 51.5 51.5 51.8 51.8 50.2 50.2 45.4 45.4 46.7 46.7 46.7 46.7 46.7 46.7
10.6 10.6 10.6 10.6 10.6 10.6  9.9  9.9 11.3 11.3 10.6 10.6  8.4  8.4  8.4  8.4  8.4  8.4 
23.7 23.7 23.7 23.7 23.7 23.7 30.4 30.4 30.8 30.8 33.  33.  34.9 34.9 34.9 34.9 34.9 34.9

prevalence_rates_females

div 100

13.1 13.1 13.1 13.1 13.1 13.1  8.8  8.8  8.7  8.7 11.6 11.6 13.9 13.9 13.9 13.9 13.9 13.9 
56.  56.  56.  56.  56.  56.  52.  52.  49.3 49.3 47.5 47.5 50.3 50.3 50.3 50.3 50.3 50.3 
 9.4  9.4  9.4  9.4  9.4  9.4 11.1 11.1 11.9 11.9  9.5  9.5  7.3  7.3  7.3  7.3  7.3  7.3 
21.5 21.5 21.5 21.5 21.5 21.5 28.1 28.1 30.2 30.2 31.4 31.4 28.5 28.5 28.5 28.5 28.5 28.5

#transitions 12

1 2
1 3
1 4

2 3
2 4

3 4

2 1
3 1
4 1

3 2
4 2

4 3

transition_rates_males

div 1

0 0 0 0 0 0 0 0 0 0 0 0 0 0 0 0 0 0
0 0 0 0 0 0 0 0 0 0 0 0 0 0 0 0 0 0
0 0 0 0 0 0 0 0 0 0 0 0 0 0 0 0 0 0

0 0 0 0 0 0 0 0 0 0 0 0 0 0 0 0 0 0
0 0 0 0 0 0 0 0 0 0 0 0 0 0 0 0 0 0

0 0 0 0 0 0 0 0 0 0 0 0 0 0 0 0 0 0

0 0 0 0 0 0 0 0 0 0 0 0 0 0 0 0 0 0
0 0 0 0 0 0 0 0 0 0 0 0 0 0 0 0 0 0
0 0 0 0 0 0 0 0 0 0 0 0 0 0 0 0 0 0

0 0 0 0 0 0 0 0 0 0 0 0 0 0 0 0 0 0
0 0 0 0 0 0 0 0 0 0 0 0 0 0 0 0 0 0

0 0 0 0 0 0 0 0 0 0 0 0 0 0 0 0 0 0

transition_rates_females

div 1

0 0 0 0 0 0 0 0 0 0 0 0 0 0 0 0 0 0
0 0 0 0 0 0 0 0 0 0 0 0 0 0 0 0 0 0
0 0 0 0 0 0 0 0 0 0 0 0 0 0 0 0 0 0

0 0 0 0 0 0 0 0 0 0 0 0 0 0 0 0 0 0
0 0 0 0 0 0 0 0 0 0 0 0 0 0 0 0 0 0

0 0 0 0 0 0 0 0 0 0 0 0 0 0 0 0 0 0

0 0 0 0 0 0 0 0 0 0 0 0 0 0 0 0 0 0
0 0 0 0 0 0 0 0 0 0 0 0 0 0 0 0 0 0
0 0 0 0 0 0 0 0 0 0 0 0 0 0 0 0 0 0

0 0 0 0 0 0 0 0 0 0 0 0 0 0 0 0 0 0
0 0 0 0 0 0 0 0 0 0 0 0 0 0 0 0 0 0

0 0 0 0 0 0 0 0 0 0 0 0 0 0 0 0 0 0







