(* RR's for all cause mortality and CHD incidence for diabetic subjects.   
within event type specified by gender.      
within gender by cholesterol-class (<5.5-6.5.6.5-8.>=8 mmol/l; treated or not treated).      
within cholesterol-class by 5-years ageclass (from 30 till 80+)

05-06-2007 P.Engelfriet: Addition to RRcholinput2400406 but with different assumptions for risk reductions (21% voor AMI en 24% for stroke).*)

#event-types	4

all_cause_mortality	0

males           

1.00	1.00	1.00	1.00	1.00	1.00	1.00	1.00	1.00	1.00	1.00	1.00	1.00	1.00	1.00	1.00	1.00	1.00
1.27	1.27	1.27	1.27	1.27	1.27	1.27	1.21	1.17	1.15	1.11	1.08	1.06	1.01	1.00	1.00	1.00	1.00
1.63	1.63	1.63	1.63	1.63	1.63	1.63	1.51	1.40	1.33	1.24	1.16	1.11	1.03	1.00	1.00	1.00	1.00
2.41	2.41	2.41	2.41	2.41	2.41	2.41	1.95	1.77	1.56	1.42	1.28	1.18	1.04	1.00	1.00	1.00	1.00
1.15	1.15	1.15	1.15	1.15	1.15	1.15	1.15	1.15	1.15	1.15	1.15	1.15	1.15	1.15	1.15	1.15	1.15
1.46	1.46	1.46	1.46	1.46	1.46	1.46	1.39	1.35	1.32	1.28	1.24	1.21	1.16	1.15	1.15	1.15	1.15
1.87	1.87	1.87	1.87	1.87	1.87	1.87	1.74	1.61	1.53	1.43	1.33	1.28	1.18	1.15	1.15	1.15	1.15
2.77	2.77	2.77	2.77	2.77	2.77	2.77	2.24	2.03	1.79	1.63	1.48	1.36	1.20	1.15	1.15	1.15	1.15


females           

1.00	1.00	1.00	1.00	1.00	1.00	1.00	1.00	1.00	1.00	1.00	1.00	1.00	1.00	1.00	1.00	1.00	1.00
1.26	1.26	1.26	1.26	1.26	1.26	1.26	1.21	1.17	1.14	1.11	1.08	1.05	1.01	1.00	1.00	1.00	1.00
1.61	1.61	1.61	1.61	1.61	1.61	1.61	1.49	1.41	1.33	1.25	1.16	1.10	1.03	1.00	1.00	1.00	1.00
2.33	2.33	2.33	2.33	2.33	2.33	2.33	1.97	1.82	1.61	1.44	1.27	1.18	1.04	1.00	1.00	1.00	1.00
1.15	1.15	1.15	1.15	1.15	1.15	1.15	1.15	1.15	1.15	1.15	1.15	1.15	1.15	1.15	1.15	1.15	1.15
1.45	1.45	1.45	1.45	1.45	1.45	1.45	1.39	1.34	1.31	1.28	1.24	1.21	1.16	1.15	1.15	1.15	1.15
1.85	1.85	1.85	1.85	1.85	1.85	1.85	1.71	1.62	1.53	1.43	1.33	1.27	1.18	1.15	1.15	1.15	1.15
2.68	2.68	2.68	2.68	2.68	2.68	2.68	2.26	2.09	1.85	1.66	1.46	1.35	1.20	1.15	1.15	1.15	1.15


AMI=CHD_incidence		1

males           

1.00	1.00	1.00	1.00	1.00	1.00	1.00	1.00	1.00	1.00	1.00	1.00	1.00	1.00	1.00	1.00	1.00	1.00
1.96	1.96	1.96	1.96	1.96	1.96	1.96	1.67	1.50	1.44	1.38	1.34	1.34	1.27	1.21	1.19	1.15	1.12
3.95	3.95	3.95	3.95	3.95	3.95	3.95	3.03	2.36	2.11	1.93	1.79	1.75	1.62	1.47	1.40	1.33	1.26
11.83	11.83	11.83	11.83	11.83	11.83	11.83	5.93	4.33	3.15	2.91	2.70	2.39	2.16	1.89	1.74	1.54	1.42
1.27	1.27	1.27	1.27	1.27	1.27	1.27	1.27	1.27	1.27	1.27	1.27	1.27	1.27	1.27	1.27	1.27	1.27
2.48	2.48	2.48	2.48	2.48	2.48	2.48	2.12	1.90	1.82	1.75	1.70	1.70	1.61	1.53	1.50	1.45	1.42
5.00	5.00	5.00	5.00	5.00	5.00	5.00	3.83	2.98	2.67	2.44	2.27	2.21	2.05	1.86	1.77	1.68	1.60
14.98	14.98	14.98	14.98	14.98	14.98	14.98	7.51	5.48	3.99	3.68	3.42	3.02	2.73	2.40	2.20	1.94	1.80


females           

1.00	1.00	1.00	1.00	1.00	1.00	1.00	1.00	1.00	1.00	1.00	1.00	1.00	1.00	1.00	1.00	1.00	1.00
1.92	1.92	1.92	1.92	1.92	1.92	1.92	1.65	1.48	1.41	1.38	1.35	1.29	1.25	1.25	1.21	1.15	1.12
3.79	3.79	3.79	3.79	3.79	3.79	3.79	2.90	2.41	2.08	1.95	1.81	1.67	1.58	1.53	1.43	1.32	1.26
10.86	10.86	10.86	10.86	10.86	10.86	10.86	6.09	4.62	3.43	3.07	2.59	2.35	2.13	1.97	1.77	1.58	1.46
1.27	1.27	1.27	1.27	1.27	1.27	1.27	1.27	1.27	1.27	1.27	1.27	1.27	1.27	1.27	1.27	1.27	1.27
2.43	2.43	2.43	2.43	2.43	2.43	2.43	2.09	1.87	1.79	1.75	1.71	1.64	1.59	1.58	1.53	1.45	1.42
4.80	4.80	4.80	4.80	4.80	4.80	4.80	3.68	3.05	2.64	2.47	2.28	2.12	2.00	1.94	1.81	1.67	1.59
13.75	13.75	13.75	13.75	13.75	13.75	13.75	7.71	5.85	4.35	3.88	3.28	2.98	2.69	2.49	2.24	2.00	1.85


other_CHD=CHD_incidence		2

males           

1.00	1.00	1.00	1.00	1.00	1.00	1.00	1.00	1.00	1.00	1.00	1.00	1.00	1.00	1.00	1.00	1.00	1.00
1.96	1.96	1.96	1.96	1.96	1.96	1.96	1.67	1.50	1.44	1.38	1.34	1.34	1.27	1.21	1.19	1.15	1.12
3.95	3.95	3.95	3.95	3.95	3.95	3.95	3.03	2.36	2.11	1.93	1.79	1.75	1.62	1.47	1.40	1.33	1.26
11.83	11.83	11.83	11.83	11.83	11.83	11.83	5.93	4.33	3.15	2.91	2.70	2.39	2.16	1.89	1.74	1.54	1.42
1.27	1.27	1.27	1.27	1.27	1.27	1.27	1.27	1.27	1.27	1.27	1.27	1.27	1.27	1.27	1.27	1.27	1.27
2.48	2.48	2.48	2.48	2.48	2.48	2.48	2.12	1.90	1.82	1.75	1.70	1.70	1.61	1.53	1.50	1.45	1.42
5.00	5.00	5.00	5.00	5.00	5.00	5.00	3.83	2.98	2.67	2.44	2.27	2.21	2.05	1.86	1.77	1.68	1.60
14.98	14.98	14.98	14.98	14.98	14.98	14.98	7.51	5.48	3.99	3.68	3.42	3.02	2.73	2.40	2.20	1.94	1.80


females           

1.00	1.00	1.00	1.00	1.00	1.00	1.00	1.00	1.00	1.00	1.00	1.00	1.00	1.00	1.00	1.00	1.00	1.00
1.92	1.92	1.92	1.92	1.92	1.92	1.92	1.65	1.48	1.41	1.38	1.35	1.29	1.25	1.25	1.21	1.15	1.12
3.79	3.79	3.79	3.79	3.79	3.79	3.79	2.90	2.41	2.08	1.95	1.81	1.67	1.58	1.53	1.43	1.32	1.26
10.86	10.86	10.86	10.86	10.86	10.86	10.86	6.09	4.62	3.43	3.07	2.59	2.35	2.13	1.97	1.77	1.58	1.46
1.27	1.27	1.27	1.27	1.27	1.27	1.27	1.27	1.27	1.27	1.27	1.27	1.27	1.27	1.27	1.27	1.27	1.27
2.43	2.43	2.43	2.43	2.43	2.43	2.43	2.09	1.87	1.79	1.75	1.71	1.64	1.59	1.58	1.53	1.45	1.42
4.80	4.80	4.80	4.80	4.80	4.80	4.80	3.68	3.05	2.64	2.47	2.28	2.12	2.00	1.94	1.81	1.67	1.59
13.75	13.75	13.75	13.75	13.75	13.75	13.75	7.71	5.85	4.35	3.88	3.28	2.98	2.69	2.49	2.24	2.00	1.85


CVA_incidence			4

males

1.00	1.00	1.00	1.00	1.00	1.00	1.00	1.00	1.00	1.00	1.00	1.00	1.00	1.00	1.00	1.00	1.00	1.00
1.00	1.00	1.00	1.00	1.00	1.00	1.00	1.00	1.00	1.00	1.00	1.00	1.00	1.00	1.00	1.00	1.00	1.00
1.00	1.00	1.00	1.00	1.00	1.00	1.00	1.00	1.00	1.00	1.00	1.00	1.00	1.00	1.00	1.00	1.00	1.00
1.00	1.00	1.00	1.00	1.00	1.00	1.00	1.00	1.00	1.00	1.00	1.00	1.00	1.00	1.00	1.00	1.00	1.00
1.33	1.33	1.33	1.33	1.33	1.33	1.33	1.33	1.33	1.33	1.33	1.33	1.33	1.33	1.33	1.33	1.33	1.33
1.33	1.33	1.33	1.33	1.33	1.33	1.33	1.33	1.33	1.33	1.33	1.33	1.33	1.33	1.33	1.33	1.33	1.33
1.33	1.33	1.33	1.33	1.33	1.33	1.33	1.33	1.33	1.33	1.33	1.33	1.33	1.33	1.33	1.33	1.33	1.33
1.33	1.33	1.33	1.33	1.33	1.33	1.33	1.33	1.33	1.33	1.33	1.33	1.33	1.33	1.33	1.33	1.33	1.33


females

1.00	1.00	1.00	1.00	1.00	1.00	1.00	1.00	1.00	1.00	1.00	1.00	1.00	1.00	1.00	1.00	1.00	1.00
1.00	1.00	1.00	1.00	1.00	1.00	1.00	1.00	1.00	1.00	1.00	1.00	1.00	1.00	1.00	1.00	1.00	1.00
1.00	1.00	1.00	1.00	1.00	1.00	1.00	1.00	1.00	1.00	1.00	1.00	1.00	1.00	1.00	1.00	1.00	1.00
1.00	1.00	1.00	1.00	1.00	1.00	1.00	1.00	1.00	1.00	1.00	1.00	1.00	1.00	1.00	1.00	1.00	1.00
1.33	1.33	1.33	1.33	1.33	1.33	1.33	1.33	1.33	1.33	1.33	1.33	1.33	1.33	1.33	1.33	1.33	1.33
1.33	1.33	1.33	1.33	1.33	1.33	1.33	1.33	1.33	1.33	1.33	1.33	1.33	1.33	1.33	1.33	1.33	1.33
1.33	1.33	1.33	1.33	1.33	1.33	1.33	1.33	1.33	1.33	1.33	1.33	1.33	1.33	1.33	1.33	1.33	1.33
1.33	1.33	1.33	1.33	1.33	1.33	1.33	1.33	1.33	1.33	1.33	1.33	1.33	1.33	1.33	1.33	1.33	1.33


